101.919
9.978
126.478
11.021
9.664
9.875
25.68
38.782
29.545
10.374
53.332
152.911
13.407
17.579
14.94
13.447
64.065
10.034
61.513
16.543
16.705
20.777
23.353
11.033
20.722
11.541
23.599
9.895
16.127
12.306
50.389
19.0
10.604
10.435
11.451
9.198
9.496
26.57
10.116
23.618
16.666
9.628
13.523
35.349
75.341
23.097
32.404
23.302
23.493
11.257
34.075
18.12
16.222
10.145
21.718
10.498
20.181
9.954
12.552
37.1
11.787
14.646
9.583
9.458
9.485
12.927
9.285
15.624
9.56
16.194
10.367
9.739
11.046
20.178
13.652
16.3
13.318
21.35
20.403
11.923
11.469
18.775
13.545
9.024
9.955
35.665
9.007
9.363
10.361
10.477
10.546
18.975
9.188
9.988
8.787
9.212
9.22
15.55
8.878
10.605
9.166
11.363
12.395
10.29
9.062
9.203
24.024
9.693
10.144
10.112
12.247
9.732
9.769
11.545
11.732
18.811
14.277
10.158
8.943
11.137
10.444
13.604
16.992
8.95
10.538
13.534
14.147
16.1
12.264
9.009
8.57
8.989
14.742
8.32
11.482
11.808
11.676
8.575
13.925
8.445
9.418
9.522
14.551
30.068
19.183
8.895
13.045
9.215
10.752
9.568
9.168
8.819
12.147
20.786
10.503
19.048
10.388
10.199
11.884
9.437
13.594
11.167
8.778
9.26
9.922
11.391
9.489
11.18
9.269
10.676
14.487
11.967
8.806
9.325
9.606
8.999
11.806
9.143
9.331
16.153
9.175
9.735
9.048
12.374
16.005
9.411
10.712
8.616
9.903
9.409
13.874
10.296
12.287
12.884
9.583
8.904
10.157
9.529
12.038
13.112
9.844
8.742
10.462
8.952
11.388
9.57
9.147
8.584
9.193
12.503
9.62
8.604
14.395
12.64
11.618
8.682
10.3
8.471
12.01
10.114
9.342
10.299
13.185
9.401
8.861
8.373
12.251
9.159
9.389
9.131
9.396
8.258
9.411
8.611
10.871
15.836
14.144
11.944
9.824
13.851
8.414
9.44
9.004
8.175
10.837
10.867
8.646
10.988
9.431
7.959
8.784
11.825
10.615
13.488
8.33
