29.781
115.05
27.285
26.229
37.494
30.612
95.182
26.894
25.859
40.834
33.513
121.826
33.264
25.022
33.48
29.143
28.242
34.118
34.281
27.054
30.934
31.044
30.744
31.743
48.593
47.024
25.918
29.443
31.946
26.228
30.263
33.068
25.536
26.501
26.772
114.461
45.303
210.545
30.171
54.069
29.589
32.032
138.164
27.932
27.212
27.097
30.825
26.946
26.808
26.026
26.483
59.662
34.536
30.398
31.129
190.576
35.002
46.515
27.836
29.6
29.743
62.036
33.354
29.206
27.703
28.706
31.673
26.955
28.794
30.772
31.067
32.892
26.373
25.746
24.233
27.168
26.871
28.574
29.965
28.009
25.395
29.099
26.047
28.443
29.41
37.124
27.03
34.521
27.884
30.242
45.197
30.953
32.472
25.79
26.985
28.049
29.891
33.894
28.558
30.088
28.621
31.187
79.246
29.305
28.846
30.888
35.88
29.105
29.91
31.966
27.47
27.787
31.002
28.72
29.397
27.156
27.758
35.551
27.717
27.089
29.931
25.893
27.611
28.476
222.886
32.433
80.619
29.471
46.82
48.417
37.335
28.961
31.618
30.375
34.529
27.283
48.036
30.519
28.363
29.116
34.23
37.606
29.351
29.904
29.464
40.435
32.609
36.621
29.364
28.03
56.727
33.225
32.596
43.213
31.756
37.948
29.02
36.499
50.274
28.697
28.025
28.582
29.537
49.746
26.232
26.88
29.073
28.418
100.796
92.875
38.596
30.699
28.764
34.835
30.125
38.564
31.756
33.105
28.121
31.561
34.155
34.894
29.225
28.956
37.977
28.953
29.777
36.356
27.763
29.859
28.651
72.319
27.486
28.491
27.151
30.123
30.249
29.86
30.652
34.712
26.396
33.194
28.129
25.76
28.911
32.483
31.044
27.702
27.5
28.143
28.673
28.607
31.694
27.322
29.779
29.13
29.759
28.045
29.161
53.351
28.827
36.824
30.083
27.881
28.461
81.428
28.439
29.721
26.683
30.563
30.754
29.081
30.927
30.647
28.513
28.586
27.591
26.718
25.717
27.24
26.547
29.665
30.555
32.945
27.18
28.679
29.832
27.625
39.861
28.541
30.311
28.4
31.231
29.817
27.526
28.339
31.714
30.027
26.74
31.643
36.027
28.424
26.727
29.676
28.533
29.342
30.838
27.229
29.148
51.951
29.097
26.907
28.292
28.632
27.946
33.692
28.256
25.968
28.805
29.311
30.694
26.807
26.929
29.156
28.707
27.048
29.502
28.626
28.248
28.375
27.998
30.816
31.591
25.307
30.387
29.822
28.193
60.504
26.941
28.276
35.688
29.0
28.484
27.571
24.688
25.858
26.697
29.375
27.672
31.579
28.6
30.048
26.983
29.199
30.007
27.822
29.822
26.56
33.28
29.615
34.176
29.292
31.019
28.193
27.455
26.994
28.275
27.381
29.532
27.847
30.441
29.235
26.084
28.044
30.067
32.752
28.227
27.299
32.458
29.468
31.134
28.138
27.916
31.129
30.825
28.368
28.061
26.249
28.625
26.556
28.558
27.763
27.169
27.458
29.359
42.537
28.167
28.956
29.082
28.621
29.109
27.695
27.569
27.852
27.85
28.485
26.97
25.265
31.011
29.328
27.753
26.677
34.786
28.441
28.724
29.567
30.951
34.509
32.478
30.879
27.734
37.955
28.508
29.756
29.247
28.736
28.996
29.873
31.073
27.178
30.902
25.831
34.91
27.689
27.264
30.057
28.157
28.494
28.495
26.602
27.815
28.105
31.282
28.531
29.095
31.213
29.408
28.1
28.513
30.415
30.621
26.247
26.203
29.019
27.821
24.216
28.346
27.017
28.811
28.836
26.017
27.824
30.401
27.951
28.683
28.346
43.369
28.982
33.413
28.644
32.493
29.542
26.571
27.61
31.977
28.418
26.377
30.129
28.842
30.389
28.14
27.108
28.282
29.191
31.609
28.413
27.476
28.013
30.445
31.73
26.353
27.693
27.662
27.193
31.331
34.703
26.735
29.133
29.526
29.182
30.794
28.057
29.508
27.251
27.036
29.025
29.162
28.047
28.276
27.458
31.995
28.803
29.201
28.483
33.599
27.847
25.573
27.953
29.268
28.749
27.381
27.885
27.741
27.638
28.892
25.782
27.876
29.301
28.745
28.663
28.234
28.023
29.817
32.591
28.682
27.985
27.621
28.649
29.24
28.899
29.875
28.353
29.434
31.753
34.38
27.751
28.509
27.411
26.25
27.068
28.086
30.112
26.591
27.983
31.138
28.975
27.783
27.073
29.318
28.469
28.363
31.554
27.624
30.055
26.445
26.889
30.66
26.583
30.558
28.444
33.117
28.406
29.936
29.23
28.16
27.199
27.598
28.298
27.549
26.443
28.623
28.252
29.732
28.89
30.13
29.183
26.98
28.226
28.117
29.585
43.033
31.166
29.369
29.229
27.313
27.621
28.971
30.917
27.829
29.919
27.973
28.128
28.132
29.072
28.09
29.785
28.742
27.741
27.323
29.03
28.543
30.435
26.574
29.633
30.505
29.065
27.645
29.274
25.466
34.307
29.37
28.73
30.214
27.962
27.818
30.275
29.558
29.062
30.503
32.489
28.018
27.268
28.475
27.345
29.754
28.634
29.001
30.07
30.559
33.939
27.392
29.99
28.969
28.078
28.386
27.867
28.623
29.883
28.063
28.862
30.71
28.691
30.069
27.816
29.654
27.444
27.046
26.476
29.871
27.12
28.147
28.889
28.651
28.984
26.648
28.35
29.439
28.001
29.546
28.28
28.021
30.586
28.824
28.099
27.356
29.737
28.821
28.529
27.6
28.722
27.467
26.567
31.649
27.652
26.613
27.576
27.279
30.818
26.898
28.169
28.115
29.429
29.091
29.599
29.363
28.198
27.888
27.312
30.055
29.54
27.905
29.166
26.749
27.741
28.279
28.851
27.653
28.649
28.229
