29.72
187.289
23.448
11.616
37.118
30.978
123.241
25.743
12.771
58.414
67.47
238.231
37.28
18.143
49.331
35.15
26.549
39.083
46.888
14.906
22.813
24.901
26.436
38.093
73.566
98.099
11.219
27.962
43.243
15.23
13.86
32.558
12.189
23.64
20.841
259.078
76.934
287.654
21.758
102.01
24.914
28.518
179.014
24.647
19.466
23.308
19.132
17.091
13.608
10.667
14.094
106.431
25.814
16.715
33.385
325.362
41.521
55.717
9.636
9.681
10.283
115.247
48.929
21.597
13.102
20.033
31.526
20.704
8.55
22.82
16.774
30.368
31.48
17.649
9.661
13.55
18.288
17.159
9.191
15.03
8.889
22.004
21.838
22.443
19.453
73.245
15.592
36.151
9.609
18.543
75.479
42.72
28.044
14.1
16.305
23.693
22.857
37.971
15.314
21.738
12.271
27.799
69.388
17.803
11.805
20.208
37.237
25.406
24.853
27.125
22.242
14.678
15.538
26.868
14.732
15.898
8.733
35.513
22.954
15.639
28.931
9.894
10.248
12.257
287.02
40.709
109.927
25.778
52.402
51.018
38.331
21.352
34.905
29.995
34.893
10.047
49.89
35.163
18.896
23.568
32.814
37.859
20.974
23.878
12.62
49.59
24.047
31.446
16.304
17.377
82.526
33.191
29.772
71.752
21.173
31.13
8.888
30.929
57.584
22.547
11.431
11.589
9.661
58.33
17.684
23.182
13.973
10.413
149.101
75.862
52.516
29.844
27.263
50.205
9.25
47.178
26.696
36.276
13.837
31.593
41.496
43.682
11.67
21.025
50.382
14.403
8.951
55.979
17.321
26.77
13.729
110.4
9.844
12.167
21.167
22.516
21.293
22.676
22.311
51.977
16.567
39.865
24.734
12.558
13.481
25.686
28.124
10.505
10.333
12.441
11.056
18.434
16.702
9.314
11.955
14.03
16.677
22.798
16.074
64.828
18.806
43.26
22.064
16.008
15.383
125.477
9.69
10.756
8.594
18.404
23.167
24.414
19.313
21.953
13.405
12.441
9.386
11.076
13.492
18.896
20.717
9.089
27.004
24.937
22.559
13.739
17.702
15.911
36.515
9.952
24.775
12.77
13.529
21.523
13.102
14.14
19.987
47.016
10.537
21.268
32.54
10.644
8.858
18.483
20.768
16.98
38.215
12.341
10.872
64.571
24.497
11.665
10.836
12.57
10.313
20.677
10.106
8.735
14.092
10.884
20.816
8.654
9.048
17.45
21.123
10.855
14.517
10.874
10.42
14.691
14.056
10.083
38.667
8.574
19.431
15.444
11.084
83.851
14.49
14.559
39.132
9.673
9.824
12.112
10.914
9.322
9.438
8.692
12.073
25.459
12.646
25.98
14.668
17.219
25.244
9.287
20.147
7.908
36.963
14.264
37.389
9.717
19.354
12.303
13.496
10.154
8.806
11.765
16.039
9.865
13.73
10.906
8.155
18.265
18.711
29.251
8.526
9.554
29.158
9.293
28.877
9.522
11.707
17.784
11.532
18.993
10.955
12.28
9.878
10.92
16.599
8.487
8.637
10.219
16.343
50.192
7.684
15.84
9.398
7.97
19.933
22.598
8.31
15.382
12.965
22.444
8.104
9.589
9.29
14.301
11.248
9.676
34.488
10.847
12.172
22.784
16.327
28.951
25.705
18.803
15.091
58.126
10.295
18.436
18.084
11.257
22.471
19.265
24.484
9.359
9.025
9.24
36.317
12.101
11.764
27.522
10.429
16.889
15.546
10.095
12.682
10.248
20.009
18.371
13.934
22.413
8.761
8.475
8.382
11.253
27.386
23.555
14.799
19.746
12.586
10.337
8.815
12.359
13.129
15.0
9.884
12.525
18.775
11.983
8.797
12.138
46.506
21.44
23.926
9.771
35.459
11.521
12.586
13.069
19.733
14.571
16.596
22.583
12.722
17.714
18.572
9.67
9.874
9.373
14.542
10.087
8.76
7.765
13.812
22.254
7.874
11.177
9.878
8.924
15.182
27.752
9.088
17.559
10.764
15.356
8.596
8.885
13.534
9.139
14.865
9.137
9.512
9.519
7.855
8.456
26.965
11.234
10.035
8.737
36.045
9.062
8.501
7.81
10.187
9.903
8.133
8.951
8.508
12.246
12.72
8.405
8.594
10.642
13.445
14.823
18.385
10.618
10.315
19.763
12.225
8.293
8.581
10.677
10.023
15.474
9.518
11.433
15.32
8.474
28.894
10.551
8.269
7.749
8.818
9.167
7.72
8.895
8.354
7.552
16.672
9.817
14.439
8.811
13.132
7.968
9.216
13.314
8.241
12.223
8.221
8.266
17.912
8.168
10.062
11.017
35.599
11.953
9.424
14.407
11.432
8.09
8.305
10.1
8.377
7.578
8.244
8.755
7.816
8.46
13.541
9.284
8.324
9.223
9.06
12.999
60.133
10.123
15.508
9.603
9.875
8.857
9.186
12.192
8.239
18.166
12.651
15.639
10.28
10.056
12.629
12.951
15.896
10.769
7.861
12.178
19.193
12.748
8.858
8.744
18.636
10.404
8.361
8.676
9.209
25.935
18.291
13.243
11.964
10.669
10.007
18.859
26.802
19.423
18.892
14.807
8.446
8.312
8.508
8.785
7.894
8.843
9.166
27.307
8.224
30.775
11.683
8.204
12.209
8.683
9.256
8.13
9.137
9.819
7.975
10.36
34.866
8.351
34.726
9.082
8.453
9.487
9.283
23.234
7.9
10.847
8.441
9.168
11.229
11.119
8.256
8.472
10.196
8.109
8.192
8.366
8.194
8.407
9.052
8.632
10.215
8.448
8.267
7.737
10.181
9.238
7.808
8.198
19.828
8.288
8.126
8.518
7.817
21.212
8.662
8.598
7.645
8.117
8.497
12.917
7.725
8.728
7.91
7.831
15.815
9.229
7.683
8.429
8.457
7.877
7.77
10.733
8.046
8.019
8.265
