51.926
19.338
53.441
19.213
19.144
19.228
21.094
25.183
20.665
19.215
29.15
80.659
19.463
19.61
19.64
19.712
37.142
19.189
31.169
19.68
19.432
20.262
20.024
19.159
20.136
19.34
20.307
19.197
19.527
19.45
24.127
19.953
19.17
19.132
19.416
19.28
19.401
20.796
19.159
20.322
19.356
19.24
19.364
24.57
53.17
21.591
21.884
20.273
21.177
19.284
21.173
20.037
19.72
19.199
21.191
19.3
20.198
19.464
19.457
23.507
19.322
19.752
19.09
19.326
19.211
19.575
19.204
19.426
19.383
19.723
19.219
19.093
19.195
20.417
19.413
19.691
19.381
19.92
21.529
19.341
19.336
20.075
19.454
19.274
19.199
27.026
19.26
19.251
19.221
19.19
19.171
20.473
19.325
19.28
19.218
19.382
19.373
19.58
19.305
19.238
19.316
19.213
19.416
18.445
19.306
19.255
19.948
19.22
19.152
19.241
19.554
19.409
19.505
19.494
19.382
19.746
19.302
19.266
19.225
19.225
19.303
19.685
19.354
19.222
19.246
19.332
19.184
19.689
19.355
19.368
19.411
19.188
20.536
19.226
19.27
19.234
19.344
19.239
19.45
19.272
19.194
19.307
19.47
22.367
20.254
19.178
19.44
19.342
19.199
19.336
19.214
19.43
19.383
20.668
19.425
21.197
19.386
19.238
19.398
19.318
19.443
19.327
19.225
19.294
19.297
19.39
19.32
19.306
19.252
19.296
19.786
19.375
19.132
17.974
18.575
19.34
19.472
19.344
19.179
19.802
19.372
19.247
19.233
19.423
19.489
19.37
19.125
19.293
19.269
19.32
19.217
19.147
19.346
19.297
19.27
19.191
19.302
19.227
19.206
19.451
19.247
19.338
19.402
19.282
19.381
19.14
19.15
19.245
19.367
19.267
19.225
19.114
19.255
19.288
19.544
19.247
19.293
19.098
19.378
19.21
19.208
19.167
19.357
19.21
19.24
19.192
19.35
19.181
19.393
19.224
19.37
19.229
19.435
19.224
19.39
19.38
19.349
19.343
19.256
19.317
19.144
19.197
19.19
19.307
19.248
19.105
19.335
19.209
19.394
19.254
19.204
19.333
19.21
19.294
19.224
