29.892
189.803
23.592
11.457
37.069
31.126
123.04
25.381
13.568
57.424
67.446
236.469
36.844
18.07
48.869
34.567
26.161
38.022
46.305
15.194
21.81
25.217
26.866
37.33
72.818
99.295
10.452
27.987
43.379
15.478
13.955
31.502
12.744
23.818
20.43
262.635
78.606
289.92
22.203
103.16
24.184
29.22
182.17
24.487
20.303
23.468
18.756
17.889
13.018
10.481
14.12
105.538
25.622
16.179
33.042
324.617
40.942
56.496
9.074
9.338
10.782
114.311
48.321
21.692
13.158
19.202
31.396
21.245
8.541
22.03
16.875
30.411
30.528
18.598
9.649
12.91
18.442
17.121
8.798
14.977
8.686
22.2
20.886
22.364
19.94
72.308
15.312
36.829
9.16
18.837
76.1
41.822
28.103
14.682
15.847
23.702
22.982
37.534
15.753
20.717
12.859
27.381
70.155
18.556
11.807
20.075
37.652
25.466
24.466
27.635
22.016
14.435
16.166
26.733
14.282
16.367
8.847
35.452
23.002
15.708
29.719
9.175
9.993
12.898
284.57
40.262
109.045
26.038
52.69
51.238
38.11
21.503
34.692
30.426
34.168
10.117
49.409
34.463
18.744
24.042
32.883
37.899
21.497
23.057
13.036
49.901
23.689
31.706
16.727
16.968
85.051
34.275
29.708
71.902
22.141
30.823
8.815
31.44
57.764
22.547
11.713
11.6
8.696
58.916
18.303
23.092
13.917
10.373
148.849
73.476
51.292
29.037
26.524
48.633
9.164
44.922
26.889
34.365
13.823
31.211
38.81
42.609
11.534
19.663
48.385
13.706
8.927
53.168
16.207
26.369
12.923
104.772
9.981
11.474
20.089
21.392
21.064
21.323
21.287
49.561
15.818
34.563
23.909
12.013
13.06
24.69
27.72
10.304
10.209
12.279
10.545
17.055
16.557
9.262
10.725
13.201
16.85
21.686
15.28
63.064
18.111
41.641
21.958
15.697
14.309
121.391
9.271
10.024
8.361
18.307
21.843
23.502
18.765
21.269
12.886
11.501
9.204
10.679
12.634
19.119
19.898
8.853
27.123
23.765
21.374
13.942
16.949
15.116
36.425
9.797
23.52
12.934
13.103
20.364
12.753
14.597
19.161
45.327
10.905
20.628
31.358
10.442
9.14
17.554
20.872
17.024
37.49
12.273
11.27
62.092
23.202
12.045
10.568
11.738
10.147
20.628
9.146
9.198
13.737
10.606
20.887
9.163
8.282
16.341
21.062
10.654
13.183
11.009
10.412
13.659
13.757
9.961
36.692
8.211
19.763
14.642
9.905
81.758
14.496
13.538
38.154
10.063
8.64
12.049
11.225
8.884
8.974
8.619
11.605
24.844
12.56
25.356
14.27
17.098
25.246
9.539
20.154
8.095
36.868
14.124
37.153
9.553
19.102
11.998
13.437
9.849
8.489
11.596
15.806
9.685
13.494
10.545
8.359
17.78
18.299
29.07
8.781
8.888
28.389
9.108
27.49
9.373
11.448
17.189
11.251
18.486
10.623
12.276
9.695
10.649
16.014
8.264
8.368
9.818
15.928
49.15
7.849
15.642
9.341
7.792
19.411
22.132
7.936
15.006
12.573
21.964
7.942
9.229
9.411
13.028
11.269
9.483
33.746
10.227
12.224
21.761
16.31
29.07
24.353
18.646
15.162
56.823
9.497
18.569
18.343
10.473
22.687
18.911
22.979
9.352
9.202
9.483
35.433
11.778
11.591
27.183
10.437
17.182
15.122
9.721
13.043
10.172
19.175
17.947
13.758
21.291
8.412
8.113
8.077
10.756
26.898
22.294
14.9
19.23
12.161
10.236
8.868
12.035
12.916
14.604
9.613
12.171
18.367
11.854
8.655
12.084
45.864
21.108
23.665
9.817
35.11
11.53
12.448
12.989
19.646
14.611
16.533
22.32
12.413
19.976
17.255
18.618
9.739
8.999
9.037
14.863
9.38
8.699
7.998
13.689
21.444
8.412
11.372
9.194
8.716
15.993
27.289
8.879
17.905
10.384
15.53
8.895
8.72
13.383
8.769
15.693
8.82
8.717
10.023
7.958
8.009
27.011
11.534
8.828
8.699
36.493
8.632
8.096
8.513
9.928
9.007
8.451
9.084
8.023
12.634
12.814
7.633
8.77
10.993
13.158
14.293
19.047
10.238
9.631
20.075
12.207
7.694
8.896
10.494
10.108
15.263
9.667
11.136
14.792
8.773
28.129
10.48
8.25
7.63
8.721
9.219
7.304
8.702
8.578
7.773
16.252
9.422
14.612
8.567
12.914
7.943
9.211
13.069
8.403
11.64
9.755
8.309
7.859
17.957
8.426
9.535
11.045
35.687
11.673
8.994
14.726
11.53
8.092
8.286
10.059
8.056
7.859
8.436
8.242
7.71
8.854
13.289
8.841
8.664
9.336
8.99
12.944
61.038
9.636
15.557
9.896
9.59
8.468
9.932
11.841
8.08
18.368
12.434
14.931
10.598
10.439
12.033
12.787
16.365
10.18
7.887
12.507
18.977
12.276
9.058
9.021
18.175
10.491
8.577
8.007
8.919
26.287
18.047
12.816
11.947
10.687
9.837
18.49
26.574
19.009
19.082
14.962
7.833
8.24
8.921
8.328
7.685
9.149
7.561
9.105
26.28
8.645
30.448
10.968
8.03
11.812
8.742
8.835
8.204
9.262
9.418
8.167
10.273
33.509
8.702
35.163
8.403
8.288
9.8
8.678
23.315
8.467
10.25
8.324
9.528
11.016
10.314
8.912
8.869
9.45
8.066
8.611
7.763
8.04
8.882
8.618
8.483
10.504
8.382
7.556
8.263
10.576
8.728
7.622
8.757
19.028
8.232
8.745
8.044
7.724
21.419
8.649
7.781
8.233
8.463
7.77
12.735
8.198
8.285
7.738
8.123
15.714
8.436
8.045
8.801
7.745
7.687
8.233
10.242
7.989
8.264
8.062
