48.707
25.672
19.365
19.359
19.777
21.279
31.079
19.449
19.284
20.456
114.341
20.824
21.736
26.962
50.834
19.183
19.352
20.23
19.386
43.406
20.26
20.112
28.061
19.876
19.411
24.086
21.524
20.781
19.283
77.784
22.893
19.532
20.417
19.26
19.542
19.022
20.143
19.743
20.937
23.58
19.364
20.85
19.451
28.344
19.536
25.7
19.454
19.501
19.603
19.299
20.669
19.616
19.271
19.827
19.186
32.321
20.021
19.529
20.433
30.28
19.886
21.463
19.41
19.236
20.285
19.202
20.572
20.234
25.697
19.425
19.818
19.597
19.651
20.595
19.211
19.97
32.837
19.528
19.307
21.069
19.594
19.277
20.215
19.157
19.161
20.051
19.944
19.324
19.688
21.712
20.178
25.356
19.423
20.963
23.506
21.584
21.447
19.425
19.462
19.926
19.477
19.646
19.272
19.702
37.929
19.811
20.758
30.136
22.343
21.0
20.5
21.708
19.334
21.637
28.393
21.464
19.618
19.62
19.317
19.252
19.847
19.891
19.43
24.498
21.637
19.291
20.083
19.196
19.238
19.231
19.327
19.493
19.378
20.069
21.688
19.376
24.779
19.275
19.353
19.558
19.268
19.28
19.128
19.185
19.142
19.22
25.892
19.328
19.359
19.176
19.235
19.28
19.444
19.437
19.272
20.743
19.731
19.442
19.773
19.403
19.482
19.386
19.333
20.069
19.907
25.823
19.513
20.145
19.17
19.203
20.251
19.325
19.181
19.485
19.32
19.42
19.348
19.451
19.316
19.39
20.434
19.895
19.332
19.357
19.31
19.31
19.581
20.493
23.256
19.463
19.281
19.276
19.349
20.604
20.747
21.53
19.36
19.986
25.639
23.009
19.27
19.229
19.183
19.462
19.251
19.794
19.227
19.384
19.769
19.325
19.319
19.165
20.105
19.198
19.175
19.409
21.452
19.263
21.072
19.285
19.166
19.959
29.671
19.265
19.951
19.448
19.527
19.194
19.151
19.365
19.35
19.203
19.166
19.24
19.346
19.267
19.209
19.24
19.216
19.333
20.801
20.037
20.353
19.463
19.25
23.265
19.197
19.339
19.171
19.29
19.439
19.27
19.352
19.232
19.367
19.447
19.758
19.371
19.347
19.316
19.283
19.499
19.37
19.305
19.298
19.289
19.81
20.745
19.44
19.366
19.253
19.288
19.47
19.203
19.319
19.616
19.318
19.216
19.317
19.344
19.311
19.39
20.533
19.262
19.412
19.168
19.327
19.534
19.4
19.398
19.518
19.61
19.441
19.349
19.48
19.915
19.653
19.252
19.17
19.419
21.104
19.339
19.057
19.483
20.351
19.268
19.663
19.266
19.819
24.789
19.369
19.292
20.068
19.327
19.196
19.463
19.207
19.307
19.3
19.225
19.486
19.193
19.379
19.446
19.399
19.31
19.556
19.22
19.209
19.246
20.164
19.276
19.835
19.153
19.293
19.215
19.504
19.299
19.171
19.467
19.375
19.327
19.254
19.334
19.316
20.281
20.623
19.309
20.894
19.303
19.356
19.398
20.677
19.307
19.439
19.276
20.456
19.428
19.394
19.838
19.206
19.468
19.217
19.453
19.768
19.403
19.275
19.859
19.314
19.31
19.218
19.353
19.281
19.362
19.311
19.447
19.368
19.204
19.16
19.324
19.475
19.262
19.303
19.329
21.178
27.628
19.354
19.273
19.433
19.308
19.655
19.424
19.55
19.241
19.333
22.565
19.473
19.583
19.013
20.472
19.289
19.513
19.374
19.548
19.505
19.287
19.21
19.346
19.525
19.306
19.345
19.522
19.226
19.314
19.383
19.359
19.289
19.396
19.268
19.433
19.286
19.316
19.322
19.219
19.277
19.242
19.275
19.319
19.213
19.473
19.228
19.661
19.243
19.347
19.238
19.289
19.206
19.205
19.299
19.349
19.067
19.293
19.254
20.038
19.206
19.306
19.14
19.231
19.32
19.14
19.343
