134.076
21.327
58.044
88.317
102.605
127.075
15.149
77.734
10.972
58.919
7.493
62.066
124.783
10.686
17.228
23.865
76.277
151.617
89.672
91.804
81.177
59.381
33.8
16.981
109.418
14.78
132.016
27.312
12.117
60.234
72.884
94.829
13.504
8.252
10.133
41.282
11.882
77.87
181.886
10.151
140.561
16.026
10.164
125.926
79.399
24.016
9.015
14.755
13.167
14.893
96.461
98.701
10.204
24.314
26.504
7.872
8.095
23.167
43.467
19.719
12.721
32.194
35.008
92.991
25.834
9.223
7.158
37.267
38.415
68.998
35.112
52.976
56.343
139.235
61.204
15.037
10.876
16.065
8.559
8.779
8.22
27.046
192.632
59.026
90.547
27.308
32.73
86.383
14.784
25.085
26.289
8.568
11.269
78.612
8.738
27.545
8.172
23.556
7.654
7.275
54.094
9.107
17.217
19.898
10.065
70.999
34.39
10.968
8.031
63.704
92.44
9.519
80.791
104.707
80.438
8.436
12.604
7.482
12.961
7.673
41.214
17.433
21.881
10.545
48.353
81.8
8.262
34.167
8.004
7.872
73.381
22.286
7.834
64.668
17.085
7.359
8.16
8.461
36.818
11.215
10.271
9.481
114.856
7.999
16.7
7.233
7.212
27.458
7.371
11.03
7.196
17.175
7.944
7.262
17.206
95.65
7.79
7.789
122.341
25.164
