29.39
30.889
49.332
44.667
30.32
44.586
31.561
228.528
28.662
58.595
48.917
212.505
40.299
177.372
42.145
31.397
34.317
38.331
39.363
43.654
214.47
28.416
79.251
44.188
29.448
27.625
468.899
40.865
30.178
30.605
39.4
30.808
132.086
27.421
29.643
48.084
45.595
34.265
39.313
28.239
31.668
30.619
162.66
44.176
27.889
56.511
34.106
71.28
29.78
31.601
30.452
122.648
29.603
27.513
33.857
93.356
32.437
34.474
38.434
28.883
99.014
28.014
28.248
26.208
30.551
31.404
38.275
45.074
42.591
64.552
210.837
65.351
40.111
388.985
71.048
76.554
33.792
35.487
28.687
73.909
61.491
36.85
31.469
32.435
28.549
48.462
29.195
124.016
30.857
32.111
45.147
25.869
30.592
125.671
43.585
173.963
29.618
31.347
32.548
32.778
27.451
29.145
33.088
46.659
345.917
35.262
29.993
84.109
28.444
28.553
51.275
37.355
29.009
34.278
31.664
28.609
34.896
34.598
32.167
128.274
36.174
29.062
29.48
159.003
71.698
33.282
31.5
30.057
29.184
34.888
29.695
28.326
33.579
30.225
47.332
33.523
30.563
57.536
35.419
39.129
90.675
31.623
41.291
30.219
118.538
42.793
38.241
133.112
31.512
29.175
60.88
203.382
32.681
33.322
30.294
39.814
45.669
37.425
28.706
29.026
31.986
29.538
28.419
31.115
30.666
28.284
126.834
35.028
28.73
35.218
37.321
32.642
67.595
28.268
29.206
27.7
35.073
28.31
32.52
33.082
180.04
28.971
28.921
35.488
38.451
28.594
46.466
28.545
32.841
39.22
40.591
31.057
30.112
29.131
30.955
46.389
30.242
27.838
27.771
32.391
34.782
31.306
29.9
27.915
30.863
31.018
39.309
27.622
27.461
41.149
30.42
29.173
28.852
104.628
44.571
45.875
50.707
38.96
29.92
50.078
31.004
29.729
37.114
34.256
49.925
31.197
29.617
36.118
56.778
32.205
46.137
35.275
54.767
35.087
74.621
31.712
31.77
35.052
117.377
30.176
29.989
30.818
69.63
35.048
29.089
32.373
30.626
33.259
101.865
35.154
117.407
29.293
73.53
33.495
36.923
33.083
27.895
42.075
27.702
41.228
32.327
28.175
31.587
35.495
32.791
68.057
97.039
33.472
34.392
43.18
51.652
32.944
28.208
33.243
33.824
97.256
41.04
52.439
33.736
46.584
34.254
31.091
29.281
34.225
34.084
33.109
35.657
32.185
31.998
34.347
30.587
94.206
64.335
58.551
38.442
36.376
31.489
34.195
32.929
28.26
38.279
29.114
30.576
31.081
33.648
67.929
31.744
30.536
29.88
32.405
46.126
55.609
37.282
32.395
33.274
35.347
51.323
30.482
32.275
30.28
36.327
34.743
34.376
33.489
33.964
29.808
30.908
42.379
29.627
31.515
34.859
32.131
34.523
32.108
29.101
37.777
28.989
30.578
31.369
31.858
28.947
36.711
158.541
31.1
34.861
32.681
30.371
30.522
29.909
29.223
32.569
55.797
30.51
41.968
31.181
32.004
30.999
33.295
30.8
29.424
28.58
31.311
32.006
29.641
77.224
30.217
32.057
62.006
31.544
31.943
33.804
32.507
33.649
30.806
34.238
55.174
35.318
30.503
30.348
30.339
32.317
33.39
32.365
49.492
31.91
29.179
41.994
29.534
30.211
29.494
31.859
34.099
30.212
31.879
31.023
30.747
34.162
29.143
29.308
32.106
30.979
31.775
34.204
36.29
30.411
39.622
29.966
53.23
32.331
28.104
30.734
31.343
28.248
30.935
33.368
35.608
31.317
30.754
35.492
30.599
30.232
32.545
75.026
32.479
32.901
29.974
30.49
30.051
30.544
28.785
32.922
31.846
28.937
35.62
29.568
31.308
29.851
40.293
32.33
31.939
30.352
30.332
32.393
34.335
30.194
34.218
32.274
35.233
29.427
49.484
32.025
33.922
30.116
29.903
31.85
33.241
30.2
30.677
30.937
30.278
28.951
27.092
27.543
28.521
33.274
30.623
30.021
29.609
32.975
30.386
31.108
32.159
31.027
30.128
31.122
31.059
29.911
31.438
30.832
31.28
29.257
29.99
30.924
30.412
30.585
30.673
29.713
32.263
48.689
32.053
31.313
28.93
31.006
30.702
30.108
33.118
29.055
31.549
29.175
29.4
30.497
31.293
30.445
29.415
30.748
29.405
30.891
30.475
30.611
31.32
30.697
30.956
30.479
28.859
31.406
38.358
30.405
30.9
32.001
30.152
29.928
30.812
31.419
32.035
88.308
36.252
29.106
31.978
30.493
29.99
29.757
34.376
31.885
30.489
32.01
30.985
29.392
31.492
30.459
30.328
31.056
30.233
31.001
29.782
30.436
29.19
31.05
30.326
30.22
31.852
31.698
31.424
28.403
31.06
31.278
32.317
30.452
33.156
32.065
31.317
31.168
30.753
31.505
31.177
33.626
30.772
32.235
29.915
30.979
31.303
32.142
32.233
32.368
30.234
31.444
33.962
31.386
30.468
31.873
31.096
34.261
31.345
30.539
32.061
31.259
34.178
33.521
31.851
30.071
31.896
31.416
30.11
33.36
32.381
30.872
30.924
31.121
32.03
30.664
30.682
29.873
32.672
30.119
35.212
35.015
33.859
31.942
29.454
32.267
32.679
31.148
31.47
30.65
32.205
30.342
32.647
37.153
29.652
30.57
29.927
31.391
31.793
30.442
31.663
38.47
31.039
31.943
31.46
31.678
36.843
35.383
31.053
30.992
32.385
31.581
28.886
29.382
30.576
32.96
31.814
32.086
33.358
32.227
31.137
31.475
30.989
31.408
31.728
31.704
31.062
53.034
30.043
30.473
31.994
32.773
32.326
32.402
32.183
31.049
31.833
30.459
31.279
29.911
30.723
31.818
30.878
30.966
32.808
29.237
31.381
28.218
42.019
52.748
44.259
34.72
30.848
30.653
30.867
32.041
31.345
30.566
33.15
77.652
32.837
30.475
30.616
28.117
43.459
30.99
48.545
46.357
28.571
31.128
31.341
36.1
38.408
40.817
37.99
31.405
32.174
30.908
32.115
31.106
30.666
28.621
30.665
31.418
33.563
31.075
30.376
29.493
31.376
30.446
31.164
30.548
32.368
32.927
31.234
31.942
30.533
30.237
35.722
29.865
31.147
28.882
30.835
31.634
33.203
30.956
32.359
31.527
31.944
31.067
30.542
30.013
31.174
31.785
30.972
29.032
30.965
31.275
31.835
31.561
31.097
30.463
31.314
32.185
32.163
31.13
31.277
31.383
30.145
29.307
31.298
32.09
33.762
30.475
30.514
31.764
31.684
33.039
31.959
28.281
30.29
31.119
30.18
30.711
30.94
33.903
31.274
32.538
30.76
29.334
28.708
29.635
31.175
31.094
30.653
30.086
30.661
31.728
30.345
31.925
30.867
31.849
32.722
31.507
30.343
31.054
27.055
30.076
30.757
30.218
30.719
31.724
27.384
31.695
30.908
33.56
30.545
31.493
30.545
30.035
30.737
31.21
31.789
30.093
30.609
31.132
29.479
29.145
32.503
35.858
30.089
31.331
31.413
30.215
31.047
31.24
30.901
30.797
31.017
30.923
32.111
31.577
31.86
29.648
30.922
32.218
33.133
31.189
30.629
29.713
30.848
31.684
30.683
31.107
30.869
31.618
30.816
30.414
32.206
30.308
32.184
30.526
33.363
31.086
29.255
31.675
30.845
30.002
30.727
29.048
29.628
33.909
30.223
29.596
33.285
31.096
32.064
31.082
31.591
30.019
29.663
32.454
31.764
30.55
31.019
31.034
32.241
31.011
30.241
30.396
32.287
30.148
30.159
36.643
30.98
30.569
31.653
30.642
31.178
31.49
30.733
31.025
31.341
31.826
27.497
31.303
30.657
35.334
32.079
29.902
30.069
31.379
31.178
33.643
31.063
30.541
31.141
31.958
30.092
29.585
30.489
30.552
31.0
31.102
31.776
29.898
29.803
31.463
32.937
30.206
30.618
30.45
28.809
31.236
30.501
29.359
30.716
31.419
29.216
30.724
31.203
36.595
31.174
29.693
31.946
30.254
30.014
31.063
30.317
31.769
31.657
30.12
31.281
30.883
31.39
31.262
29.698
30.558
29.754
30.983
31.117
31.306
32.677
30.82
31.913
30.258
29.29
30.687
30.23
30.337
30.689
29.06
30.911
30.894
31.325
32.358
30.979
31.712
31.154
29.742
28.963
30.352
31.321
29.685
30.647
31.295
31.632
31.5
30.479
30.215
27.994
30.013
31.103
30.739
30.211
30.703
31.141
32.228
30.84
30.769
32.626
31.439
31.963
30.707
31.9
31.129
29.049
29.595
30.912
31.42
30.84
32.327
30.546
30.844
33.382
32.016
33.561
31.673
32.255
32.287
32.889
30.191
31.391
31.147
31.344
31.689
30.695
31.441
29.66
30.5
30.346
32.742
30.918
30.506
30.66
30.809
29.058
30.622
31.408
