15.44
15.466
54.121
35.858
19.382
35.632
18.785
181.324
12.176
46.285
49.905
162.272
30.779
120.04
45.363
25.37
22.8
39.225
39.138
38.123
232.114
8.197
64.977
37.398
18.119
10.462
319.711
44.537
8.932
10.321
32.715
20.736
104.245
12.079
22.107
56.847
47.174
26.559
37.541
11.822
11.976
14.938
92.036
57.742
11.861
57.364
31.945
71.529
20.756
24.649
11.941
115.224
10.325
10.714
27.951
88.657
26.648
38.511
35.018
13.205
48.533
8.726
14.625
13.999
17.158
14.47
27.565
44.5
34.781
96.731
255.3
75.018
50.819
282.825
90.638
99.832
30.439
18.277
24.539
73.374
53.812
25.384
16.471
22.343
10.523
45.203
19.987
133.818
18.938
16.381
77.085
10.602
16.901
103.831
40.36
253.241
11.195
23.452
15.529
20.339
11.496
9.353
18.466
46.384
320.226
27.959
16.862
75.611
12.681
23.108
64.977
24.357
17.733
19.578
29.0
12.358
30.354
24.63
22.119
72.549
33.753
8.617
12.874
127.306
58.255
28.32
19.317
18.492
14.06
21.277
18.461
9.39
19.58
15.198
40.596
24.377
22.237
45.002
34.086
40.858
91.219
11.198
34.266
13.273
83.096
44.85
36.2
134.435
20.062
10.855
74.79
138.401
18.649
18.567
16.244
30.718
52.807
37.403
19.999
13.487
23.193
10.287
14.62
26.571
20.224
9.281
69.087
21.93
11.947
17.576
25.57
22.415
61.78
12.425
10.636
12.739
36.151
10.803
22.841
21.221
87.885
14.29
12.75
35.342
28.244
14.834
29.761
15.227
26.375
28.005
32.759
17.516
16.783
9.769
17.372
35.366
23.31
10.228
14.74
31.608
36.871
15.977
11.355
8.46
22.313
10.26
34.82
9.102
17.655
29.096
19.84
12.809
12.476
107.783
50.05
48.859
69.436
47.328
13.19
60.72
14.233
21.048
30.294
24.034
66.369
21.851
19.507
30.236
50.513
20.72
36.566
20.159
40.082
23.488
72.439
10.191
26.701
26.84
75.178
15.375
12.244
11.434
65.823
39.098
17.812
10.274
19.553
22.846
61.967
27.549
86.712
18.601
77.499
22.559
36.729
33.592
13.321
70.201
17.539
48.561
24.594
15.752
9.147
32.792
28.983
67.388
96.558
37.917
17.52
42.373
51.274
13.014
8.735
21.858
27.821
147.447
50.533
46.497
21.42
69.148
17.446
8.459
26.059
28.24
24.552
34.618
34.217
15.475
30.273
30.151
11.791
146.27
98.151
87.492
41.677
48.734
15.172
23.458
25.081
17.761
27.45
11.758
13.008
12.422
31.388
103.522
17.091
9.347
11.673
18.704
53.849
72.539
34.442
20.41
21.407
28.103
65.323
9.909
21.407
15.259
29.038
27.699
21.676
20.678
24.721
8.556
17.815
39.291
13.391
17.73
24.297
10.107
31.625
22.736
10.997
32.765
11.947
9.778
19.673
19.632
9.966
48.788
153.529
21.784
32.464
56.759
8.958
9.389
10.17
10.157
9.542
69.534
8.739
49.201
10.171
15.648
12.015
13.93
11.623
20.401
13.631
15.517
23.89
10.47
119.03
9.647
17.413
59.514
25.693
23.874
24.656
23.267
47.909
23.019
27.747
77.594
28.159
16.826
11.076
17.949
27.301
26.646
21.111
55.602
18.531
9.164
39.911
12.573
9.918
14.272
8.909
10.377
14.176
10.667
14.951
21.091
24.826
10.624
12.911
14.083
20.302
26.876
24.065
41.015
14.462
56.398
21.429
55.725
16.32
10.147
22.121
10.451
8.617
14.017
20.211
34.925
19.671
9.015
27.953
12.093
14.653
27.672
56.328
23.005
31.639
10.578
24.828
9.058
8.827
9.264
27.342
9.882
15.385
26.251
16.699
10.813
9.804
61.993
15.263
16.801
18.15
9.362
22.241
26.08
12.363
33.765
17.305
32.368
12.483
63.382
19.089
24.149
23.714
10.219
14.854
25.718
11.203
10.855
20.777
13.097
22.189
10.012
9.557
38.771
31.336
9.302
10.963
13.829
23.886
10.972
8.983
33.13
8.816
8.73
10.559
20.54
11.04
18.245
9.54
14.121
10.647
18.549
17.416
14.49
11.541
8.772
9.195
19.807
82.1
10.207
14.15
10.756
8.284
10.117
12.053
33.75
9.469
16.899
9.365
10.179
24.188
24.68
13.966
8.963
9.536
8.932
10.422
11.278
15.718
23.802
10.718
25.438
12.967
12.699
22.424
41.431
14.215
9.51
22.498
8.941
13.253
10.956
36.14
19.464
105.835
40.138
11.092
10.653
10.644
8.225
8.877
36.762
15.74
10.879
10.283
22.355
15.216
10.295
15.504
10.379
10.957
10.352
30.402
8.652
17.052
13.221
15.928
24.445
11.374
26.843
20.246
9.602
8.261
20.424
13.979
26.183
9.745
20.723
22.338
17.311
14.082
8.149
18.596
15.49
28.627
10.299
12.226
16.502
8.748
13.443
14.622
8.964
21.218
9.72
8.947
20.398
18.058
12.927
9.367
10.634
26.465
15.586
8.835
20.574
20.895
28.134
47.785
15.182
14.703
10.342
12.555
8.307
25.909
16.233
13.81
10.146
9.326
9.663
14.994
9.1
8.292
9.526
14.247
32.179
28.963
34.704
15.151
10.332
33.523
27.004
18.186
17.218
19.183
22.857
21.682
23.144
29.722
16.644
24.737
13.586
24.818
12.818
10.56
12.83
56.485
18.122
11.686
11.121
19.776
41.172
32.158
17.751
16.675
20.42
23.544
9.305
11.815
8.633
21.705
18.107
28.809
26.545
22.424
14.596
19.256
22.486
15.103
19.06
14.638
22.815
92.589
9.259
12.791
26.577
20.766
26.477
21.947
15.89
9.873
10.36
11.031
9.527
17.4
9.192
20.453
9.324
9.697
27.189
9.117
20.402
13.13
36.381
48.942
41.719
32.961
9.779
12.608
9.181
18.211
13.196
15.86
27.692
80.608
32.577
10.088
11.471
13.022
38.076
14.502
56.358
42.606
8.526
11.061
17.205
31.377
29.947
35.913
35.468
23.359
22.276
8.704
9.689
12.687
17.893
18.565
8.792
16.85
23.951
24.039
12.676
14.536
12.708
9.146
11.191
16.65
21.837
23.436
9.56
19.091
11.92
18.191
34.085
8.283
8.681
11.455
11.448
10.209
26.037
9.628
20.81
15.483
14.985
8.852
13.016
9.1
20.933
14.789
17.107
15.918
17.827
9.655
27.818
18.687
15.029
10.448
12.257
20.798
9.224
19.74
9.388
17.311
12.201
9.028
16.071
18.16
29.491
9.625
9.579
10.664
23.636
32.282
11.358
9.169
15.571
8.176
17.434
8.177
11.707
35.121
10.132
33.603
9.912
14.964
16.068
8.885
8.412
15.353
10.582
9.751
8.346
9.331
18.397
19.235
18.806
25.94
9.448
12.214
12.063
12.141
11.55
8.791
11.349
8.487
10.998
10.886
21.158
12.643
10.923
21.754
8.016
14.351
8.249
9.003
11.082
10.615
8.736
11.645
12.614
7.917
9.012
20.717
18.155
33.05
14.317
11.71
14.08
9.478
13.651
16.049
11.061
14.411
7.953
10.557
23.744
8.638
20.67
9.014
8.351
11.083
28.681
18.35
7.735
8.602
9.366
8.6
8.732
8.755
12.122
12.217
10.562
8.753
23.651
8.667
12.381
8.004
35.913
8.962
8.946
8.087
8.632
11.211
7.941
11.443
8.379
35.254
11.395
18.549
24.594
9.492
9.18
13.046
9.604
8.732
9.102
15.689
15.919
8.833
9.247
17.92
15.565
15.583
13.316
9.991
19.428
8.843
10.419
59.982
13.812
9.109
9.259
17.756
8.861
8.073
8.646
9.258
10.584
27.303
11.867
8.804
8.096
33.452
12.072
9.74
8.238
8.769
8.589
25.097
18.556
14.82
12.655
19.086
10.017
16.534
13.816
10.914
8.241
9.182
10.416
10.396
13.576
10.066
31.852
9.174
10.547
9.242
17.754
12.456
11.703
9.461
9.649
8.495
9.051
7.785
8.999
39.199
8.573
8.672
8.517
8.597
7.968
11.387
14.507
15.013
11.222
12.552
7.967
8.846
22.824
8.232
8.248
9.761
9.406
8.394
10.236
23.411
9.96
18.829
12.272
12.57
9.25
9.845
8.729
8.36
13.699
9.358
8.499
9.273
8.718
13.685
8.523
11.639
8.623
8.013
13.246
9.48
8.12
8.65
8.137
8.217
8.659
10.242
7.674
8.844
8.737
8.347
7.979
8.597
8.709
10.059
8.51
18.52
8.189
8.332
20.648
17.199
27.135
11.279
9.247
8.559
9.948
8.117
8.556
9.305
8.391
48.135
8.387
9.096
18.846
19.8
19.477
19.582
20.706
19.458
20.758
18.297
8.812
9.103
8.816
8.52
8.895
8.255
8.194
8.745
8.292
13.63
8.741
8.638
8.004
9.218
9.183
8.289
8.113
