166.818
41.923
11.91
14.192
15.906
18.381
56.807
12.852
10.427
22.528
170.921
29.319
31.266
70.088
84.962
9.951
9.885
24.601
15.947
59.57
19.385
19.004
44.417
16.695
11.215
37.576
27.742
26.975
10.798
150.559
25.652
16.006
21.44
14.722
17.823
11.779
29.75
18.279
19.912
40.946
9.882
16.824
12.072
54.13
14.553
39.876
12.54
15.805
13.915
9.619
20.892
12.413
10.956
15.189
9.62
61.311
17.513
16.045
19.757
53.685
18.669
21.854
12.747
10.306
20.034
11.14
23.306
21.507
39.084
12.493
18.007
11.285
12.953
20.274
9.758
16.103
28.03
14.273
11.409
28.419
15.519
8.646
18.565
9.982
10.84
16.611
21.227
11.087
15.008
30.986
14.46
36.776
9.435
22.787
32.441
26.759
22.224
9.627
14.509
15.68
13.14
20.478
8.71
13.207
42.232
14.049
23.268
46.887
31.611
22.319
23.409
33.108
9.731
27.578
41.254
25.725
17.162
19.902
12.119
11.727
16.381
17.196
12.831
34.132
23.434
11.568
14.937
10.949
9.952
9.18
9.414
12.831
11.084
17.166
23.812
11.256
46.967
11.284
16.419
13.104
16.392
9.771
10.379
9.859
10.935
10.222
32.576
10.333
16.367
10.431
9.851
10.908
13.385
12.919
12.173
19.767
16.769
13.816
14.221
9.939
9.876
9.054
9.754
17.744
17.149
49.064
12.518
21.428
9.912
11.274
18.749
11.159
10.554
12.964
13.505
12.838
9.037
12.918
10.338
9.225
22.965
16.469
12.993
11.527
9.048
9.366
12.26
18.654
35.068
14.962
12.271
10.653
9.526
17.68
18.362
32.925
9.86
15.793
24.085
22.71
9.289
8.359
8.71
10.042
9.189
16.851
10.916
17.481
17.197
10.2
11.967
10.165
17.883
8.753
11.101
9.281
32.392
11.429
23.094
9.044
9.981
18.343
47.489
10.325
14.382
9.044
11.612
12.13
9.631
9.336
12.195
9.643
10.771
9.601
17.58
11.39
10.89
10.835
9.041
10.335
25.343
18.331
17.76
12.806
10.299
29.8
10.05
13.647
10.622
9.153
11.632
9.498
9.553
8.432
12.561
12.188
17.885
10.527
9.253
8.805
9.776
12.237
9.691
9.318
9.139
9.645
17.458
19.126
13.854
9.832
10.438
10.945
9.93
8.302
8.847
12.718
9.954
10.988
9.242
9.984
9.573
12.5
19.636
10.705
9.337
10.525
12.893
15.485
12.91
9.678
14.755
13.765
13.586
11.061
12.21
15.426
14.551
10.151
11.328
11.775
19.868
9.767
8.631
11.897
16.918
8.907
15.355
9.541
13.706
28.795
12.489
9.108
16.671
9.075
8.874
9.424
10.755
9.818
10.364
10.67
13.713
10.329
14.786
9.699
10.136
10.1
8.962
10.366
9.851
9.472
19.138
10.779
17.513
9.991
9.136
9.29
12.45
10.715
10.617
12.54
9.375
9.347
8.821
9.778
9.358
24.101
12.899
8.87
22.068
9.606
16.262
9.227
16.235
9.034
9.651
8.617
23.301
11.538
10.146
15.832
10.155
14.36
10.665
13.486
19.249
9.662
8.825
15.421
14.255
10.103
8.526
10.124
10.24
8.852
10.996
10.986
11.178
10.006
11.66
9.312
9.989
8.827
9.892
12.223
20.027
50.997
10.633
9.29
12.837
8.947
16.424
15.283
14.09
8.921
11.236
20.926
13.438
12.853
10.994
16.967
9.687
13.794
13.671
18.341
9.199
9.037
8.914
10.319
9.396
8.942
9.588
12.834
8.804
8.386
9.767
9.852
8.308
9.612
9.37
17.023
11.188
8.782
8.844
9.136
9.615
8.487
10.776
9.199
8.694
9.971
8.652
9.965
8.166
8.694
9.681
9.132
8.959
8.513
10.57
9.573
14.305
10.05
8.841
15.922
8.146
9.619
10.055
9.084
8.637
10.061
9.306
