7.547
17.83
61.262
10.513
63.458
7.927
58.124
12.574
68.088
10.009
63.062
29.678
17.798
14.911
21.579
39.212
10.136
46.675
42.185
10.864
16.934
62.316
30.169
10.142
46.944
41.633
24.388
55.796
35.348
54.3
60.41
51.954
10.429
20.778
62.655
18.601
7.802
8.645
46.355
21.237
7.977
36.96
36.645
8.364
16.789
13.038
7.165
49.364
24.572
8.255
21.37
61.012
61.517
7.386
64.068
21.399
9.238
64.278
15.686
18.156
14.192
70.574
22.863
11.763
48.324
7.753
6.834
46.598
45.845
8.032
37.664
7.607
21.241
8.112
61.56
12.441
11.625
29.366
25.782
30.843
74.234
7.709
47.996
7.508
41.433
15.018
52.651
8.093
6.986
35.176
43.955
12.136
14.56
29.198
70.657
47.584
29.162
9.305
19.184
16.416
11.74
41.906
15.457
37.512
7.417
11.235
16.595
25.527
26.775
16.456
7.322
6.994
47.18
31.972
9.148
17.546
33.921
18.484
7.49
8.407
9.89
32.59
12.466
7.909
7.207
53.863
33.432
7.09
6.666
63.881
29.334
7.494
7.699
67.475
7.644
7.388
6.61
7.581
16.69
14.849
7.943
11.463
19.957
7.269
9.811
8.597
7.807
6.605
8.679
13.595
11.817
17.465
6.914
66.164
14.903
6.928
8.65
7.76
17.549
7.035
7.775
7.211
7.184
23.258
8.893
55.7
7.865
16.073
11.95
32.238
29.236
17.495
71.211
9.895
29.36
7.276
7.074
10.219
17.704
7.739
7.003
52.355
8.284
7.119
7.956
36.89
7.579
24.245
57.858
67.79
58.681
19.744
12.503
29.848
40.961
7.6
14.858
8.232
16.663
9.788
10.683
6.779
9.091
6.995
7.113
8.892
7.534
8.307
25.136
28.281
7.897
35.966
55.624
20.03
20.333
10.398
7.657
24.409
8.21
13.741
7.919
8.175
8.337
6.78
42.316
7.255
7.706
7.036
6.842
7.832
68.611
6.764
10.013
7.649
7.127
7.172
7.418
10.268
57.349
7.475
8.535
7.138
22.56
10.338
39.534
7.34
10.425
13.682
6.841
7.231
8.049
7.257
8.317
17.516
7.573
7.024
6.998
6.813
7.849
6.749
7.465
7.582
7.424
14.743
7.286
7.774
6.607
