176.326
135.496
56.064
254.408
107.017
131.119
155.257
77.772
145.986
97.029
119.166
85.205
71.848
185.088
257.943
64.413
278.439
33.745
245.429
52.556
236.742
111.868
575.917
230.652
68.543
62.328
47.636
381.444
24.182
239.964
75.539
54.342
85.486
107.016
110.639
25.255
234.298
256.187
47.112
371.108
28.602
63.079
231.904
119.071
96.207
180.748
24.307
46.983
398.887
28.624
77.878
28.852
26.978
26.928
99.604
199.302
108.537
436.826
110.691
47.067
181.389
454.742
252.39
33.827
29.237
36.506
35.315
159.468
89.614
145.818
225.041
118.02
208.444
178.574
67.887
22.313
28.368
211.315
87.731
136.903
50.759
38.005
85.156
78.386
80.295
235.848
25.806
34.221
236.015
80.093
70.081
32.929
33.053
362.66
124.074
32.807
113.207
28.827
26.313
51.847
425.39
22.096
46.188
184.715
265.415
146.41
429.768
30.587
21.356
37.027
102.148
26.032
45.75
26.146
26.123
83.89
52.811
30.561
105.484
24.895
25.158
23.864
24.591
173.39
125.015
24.42
31.241
199.795
24.713
25.869
24.361
27.614
21.579
38.113
142.929
34.194
55.012
94.832
187.417
161.829
131.651
35.259
132.599
22.826
196.727
20.332
59.69
27.253
21.442
19.234
99.488
172.139
19.585
25.663
41.174
26.764
19.7
71.886
39.752
33.035
22.879
23.194
97.113
23.269
59.848
160.321
21.154
43.916
30.219
30.986
126.836
51.039
20.647
27.284
85.159
34.311
23.996
168.776
22.876
24.676
20.04
24.262
31.116
41.666
33.242
21.375
21.167
22.137
262.542
47.273
19.681
23.892
23.404
23.491
20.295
20.37
22.529
21.399
20.673
20.901
19.75
19.814
23.464
20.399
20.016
56.48
19.852
23.67
18.995
20.532
19.267
20.75
19.84
20.165
