16.439
15.523
55.28
36.362
19.609
37.482
18.405
189.192
12.373
48.503
50.665
166.487
31.666
123.598
46.382
25.689
23.522
39.691
39.59
39.935
235.494
8.486
66.823
37.776
18.236
11.373
323.451
45.188
9.301
9.738
32.826
20.962
106.134
11.507
22.418
57.721
47.268
26.44
38.563
11.672
12.263
14.842
93.68
59.382
11.817
58.647
32.946
71.475
20.362
25.38
11.661
117.256
11.323
10.732
28.864
92.77
27.45
39.664
36.369
13.836
50.168
8.867
16.107
13.746
17.872
15.146
28.659
45.675
36.343
99.697
261.326
77.941
51.182
287.748
91.224
101.028
30.558
18.796
24.91
73.981
54.976
25.608
16.772
22.289
10.411
46.53
19.695
135.968
19.31
16.276
77.899
10.872
16.821
105.396
40.15
256.113
11.663
23.489
15.613
19.476
11.814
9.541
18.259
46.594
325.244
28.457
16.659
76.0
13.304
23.079
65.65
24.635
18.014
19.644
29.175
12.622
31.414
24.583
22.294
73.477
33.934
8.65
12.708
127.9
59.145
28.537
19.22
17.801
14.55
21.207
18.178
10.074
19.451
14.589
41.723
24.713
22.209
45.141
34.674
40.683
93.418
11.229
33.984
13.399
84.488
45.022
36.75
137.766
19.652
11.135
75.979
139.813
18.244
19.718
15.898
30.763
54.865
38.939
19.695
13.926
23.18
10.38
14.938
26.739
20.423
8.986
70.336
22.31
12.115
17.13
26.076
22.761
63.95
12.711
10.65
13.505
37.057
10.934
23.47
21.891
91.222
14.917
13.073
36.661
29.069
15.241
30.82
15.801
27.167
29.36
34.215
18.137
17.282
10.225
18.215
36.311
24.035
10.415
15.03
33.377
36.918
16.551
11.371
8.517
22.499
10.275
35.422
9.106
18.009
30.284
20.437
13.203
13.071
109.75
51.363
50.073
71.251
48.805
13.439
62.893
13.866
22.213
31.453
25.009
67.815
22.739
20.042
31.047
52.293
21.208
37.543
20.916
40.68
23.26
73.536
10.427
26.592
26.171
75.519
15.745
11.805
11.675
67.381
39.253
17.594
10.724
18.98
22.648
63.368
27.685
86.857
19.459
78.821
22.618
36.566
33.786
14.05
70.154
18.423
50.803
25.018
16.104
9.515
34.124
29.223
69.949
100.694
38.659
18.616
43.214
52.717
13.615
9.179
21.978
26.916
147.475
50.895
47.886
22.14
72.288
17.898
9.397
26.465
28.975
25.258
35.68
35.786
15.708
30.821
31.201
12.076
151.106
100.032
89.228
42.888
49.616
16.0
24.537
24.611
18.412
27.944
11.84
13.167
13.033
31.766
106.539
18.1
9.691
11.415
19.299
54.447
71.107
34.199
20.974
20.832
27.981
64.733
10.229
20.575
15.128
28.552
27.73
22.363
19.784
24.84
8.877
17.178
38.747
13.469
17.603
24.903
9.944
30.778
22.128
11.669
32.565
11.077
10.028
20.122
18.614
9.613
48.414
150.93
21.25
32.182
55.456
8.452
9.096
9.863
9.926
9.569
67.921
9.005
50.464
9.822
15.847
12.194
13.642
11.11
20.423
14.141
14.953
24.289
10.506
119.95
9.515
18.322
60.033
25.66
23.957
24.21
24.035
48.17
23.124
27.508
77.451
29.0
17.036
10.082
18.324
26.795
26.159
21.909
54.893
17.921
9.425
39.858
11.747
9.361
14.008
9.711
9.468
14.487
10.386
14.056
21.653
25.368
10.721
12.06
14.236
19.588
26.122
24.036
40.722
12.93
55.57
20.965
53.808
16.314
9.637
21.367
10.08
8.489
12.871
20.011
34.687
18.519
8.847
27.636
11.566
13.793
26.99
56.285
21.881
31.077
10.072
23.737
8.671
8.822
8.432
27.132
9.876
15.404
25.793
17.042
10.518
8.549
61.133
15.259
16.473
17.453
8.733
22.355
25.152
11.583
32.628
16.462
32.4
12.324
60.892
18.887
24.014
22.713
10.576
14.276
24.147
11.187
11.116
19.827
12.831
22.58
9.405
9.352
38.85
31.931
7.999
10.834
14.285
23.167
10.212
9.27
31.944
8.53
8.629
9.485
20.341
10.574
17.444
8.668
13.69
11.276
18.13
16.319
14.508
11.279
7.963
9.387
19.802
80.36
9.678
14.228
9.883
8.243
10.121
10.962
33.181
9.594
16.872
8.411
10.185
23.8
23.988
13.974
8.806
8.767
9.158
10.27
9.925
15.344
23.988
10.511
24.038
13.162
12.645
21.307
40.727
14.483
8.496
21.97
8.524
13.142
10.746
35.593
19.611
105.701
40.282
11.377
9.472
10.502
8.602
7.68
36.27
15.736
10.175
9.466
22.715
14.777
9.405
15.537
9.97
10.734
10.581
30.177
7.841
16.644
13.348
15.15
23.308
11.69
26.069
19.093
9.525
8.244
19.097
13.89
26.523
8.928
20.032
22.034
16.127
13.228
8.449
18.058
14.068
28.045
10.332
11.545
15.861
8.866
12.551
14.19
8.992
20.676
9.121
9.263
20.062
16.551
12.757
9.684
9.862
25.695
15.779
7.927
19.761
21.177
27.517
45.427
14.681
15.091
9.372
12.035
8.332
24.743
15.616
13.974
9.537
8.637
9.972
14.694
7.718
8.135
9.726
13.408
31.413
29.193
34.413
14.537
9.929
33.419
26.131
17.61
16.824
18.868
22.237
21.783
22.349
28.917
16.868
24.188
12.869
24.691
13.014
9.855
12.45
56.439
18.17
11.607
10.824
19.029
40.847
31.428
17.826
16.21
19.926
23.115
8.677
11.555
8.205
21.392
17.912
28.073
26.083
21.78
14.29
18.911
22.106
14.771
18.711
14.361
22.786
92.02
9.38
12.364
25.806
20.29
25.508
20.703
15.197
10.487
9.428
9.851
9.5
16.89
8.279
20.169
9.269
8.381
26.73
9.138
19.599
12.592
36.773
48.173
40.335
33.152
9.606
11.83
9.095
18.025
12.251
15.929
26.735
79.878
32.092
9.91
10.157
12.928
37.967
13.968
55.531
42.595
7.503
10.155
17.053
30.827
28.668
34.927
35.651
21.915
21.516
8.448
8.674
12.293
17.131
17.54
9.359
15.541
23.538
23.729
12.521
13.865
12.49
9.595
10.291
16.171
21.729
22.401
8.8
19.108
11.544
16.713
33.44
8.64
7.766
10.809
11.732
9.544
25.163
9.606
19.563
14.551
14.997
8.549
11.388
8.936
21.397
14.133
16.378
15.938
16.776
9.103
27.405
18.526
14.237
10.632
12.539
20.025
9.225
20.508
8.552
17.017
12.763
8.417
15.696
18.794
28.919
8.754
9.96
10.896
22.864
32.247
12.136
8.697
15.173
8.832
16.6
7.898
12.098
34.246
9.69
33.492
9.805
14.6
16.065
8.413
8.085
15.324
10.445
9.566
7.963
9.236
18.264
19.181
18.853
26.122
9.415
12.342
12.085
12.053
11.669
8.533
11.176
8.32
11.051
10.857
21.38
12.577
11.008
21.706
8.012
14.442
8.13
8.735
10.998
10.697
8.778
11.803
12.829
8.016
9.072
21.167
18.526
33.476
14.665
11.841
14.039
9.382
13.616
15.992
10.926
14.26
7.856
10.348
23.594
8.572
20.581
8.86
8.256
10.769
28.985
18.236
7.587
8.575
9.303
8.543
8.748
8.625
12.0
12.129
10.393
8.686
23.778
8.605
12.205
7.947
36.281
8.745
8.809
7.969
8.528
10.978
7.854
11.216
8.133
35.26
11.458
18.701
24.643
9.185
9.044
13.201
9.503
8.565
8.883
15.935
16.067
8.726
9.303
17.98
15.411
15.619
13.393
9.858
19.703
8.83
10.489
60.423
13.867
8.918
9.111
17.654
8.565
7.753
8.538
9.151
10.62
27.459
11.909
8.648
7.948
34.168
12.032
9.725
8.141
8.748
8.53
24.935
18.607
15.015
12.484
18.991
9.925
16.397
13.867
10.819
8.036
9.162
10.195
10.29
13.541
10.057
31.792
8.961
10.127
9.023
17.426
12.341
11.522
9.156
9.26
8.198
8.938
7.697
8.947
38.587
8.387
8.318
8.122
8.384
7.562
11.185
14.268
14.948
11.045
12.358
7.667
8.601
22.601
7.807
8.089
9.561
9.053
8.142
9.896
23.451
9.624
18.341
11.743
12.471
9.057
9.493
8.518
8.14
13.464
8.94
8.304
8.941
8.474
13.277
8.272
11.317
8.324
7.584
13.024
9.356
7.779
8.32
7.738
7.559
8.085
9.993
7.153
8.351
8.113
8.144
7.577
8.316
8.572
9.827
8.181
18.413
8.075
8.183
20.698
17.129
27.226
11.124
9.171
8.341
9.956
7.93
8.595
9.236
8.222
48.011
8.256
9.035
18.858
19.753
18.981
19.118
20.584
18.863
20.563
17.969
8.34
8.635
8.476
7.967
8.338
7.727
7.683
8.132
7.73
13.308
8.309
8.048
7.687
9.025
8.785
7.86
7.588
