66.115
19.283
50.54
19.121
19.199
19.302
21.051
26.694
21.028
19.13
29.974
82.1
19.505
19.806
19.619
19.539
30.379
19.196
36.546
19.981
19.444
21.508
20.349
19.272
20.192
19.378
20.834
19.112
19.704
19.444
29.742
19.876
19.029
19.15
19.225
19.333
19.265
21.384
19.351
20.216
19.651
19.394
19.542
27.389
77.93
21.847
22.465
21.484
20.552
19.321
22.89
20.494
19.641
19.047
21.612
19.235
20.248
19.26
19.388
26.594
19.399
19.848
19.062
19.277
19.27
19.571
19.111
19.316
19.237
19.445
19.261
19.026
19.16
20.6
19.402
19.814
19.426
19.758
23.776
19.524
19.268
20.246
19.513
19.243
19.183
30.904
19.278
19.293
19.194
19.218
19.156
20.368
19.375
19.247
19.344
19.317
19.348
19.482
19.262
19.164
19.299
19.299
19.347
19.215
19.284
19.279
20.303
19.196
19.225
19.381
19.608
19.332
19.412
19.239
19.485
19.638
19.3
19.225
19.222
19.206
19.13
19.85
19.423
19.394
19.163
19.331
19.615
20.175
19.168
19.261
19.201
19.333
20.462
19.175
19.145
19.218
19.403
19.211
19.373
19.323
19.278
19.299
19.322
22.892
19.626
19.227
19.316
19.277
19.172
19.307
20.491
19.22
19.375
20.908
19.189
20.429
19.226
19.284
19.393
19.347
19.29
19.165
19.432
19.238
19.336
19.402
19.199
19.2
19.24
19.098
19.756
19.364
19.244
19.333
19.249
19.324
19.525
19.224
19.22
19.522
19.282
19.267
19.275
19.39
19.665
19.379
19.189
19.452
19.28
19.449
19.326
19.232
19.386
19.266
19.202
19.187
19.47
19.238
19.358
19.531
19.341
19.313
19.332
19.245
19.248
19.044
19.373
19.175
19.368
19.228
19.348
19.251
19.245
19.342
19.274
19.361
19.259
19.111
19.348
19.308
19.133
19.151
19.406
19.259
19.13
19.255
19.421
19.179
19.238
19.235
19.446
19.167
19.314
19.233
19.106
19.461
19.309
19.271
19.311
19.308
19.183
19.255
19.312
19.237
19.174
19.262
19.251
19.209
19.333
19.215
19.303
19.169
19.13
19.884
19.017
