34.092
225.195
31.643
29.656
46.376
39.874
174.735
31.529
29.587
53.114
44.501
212.755
43.085
30.665
45.932
39.838
33.151
41.153
47.466
29.188
34.162
33.278
35.508
37.251
53.67
57.846
29.779
33.149
39.983
31.141
29.564
33.176
28.318
31.014
30.425
193.857
61.094
365.331
34.277
73.2
33.546
37.553
252.238
29.829
28.392
31.094
27.057
29.73
30.338
29.341
28.608
123.089
38.6
27.599
32.096
329.813
44.254
60.559
30.001
27.168
30.537
94.133
38.336
33.177
30.884
29.912
37.534
32.522
27.194
34.948
28.756
38.621
32.644
31.54
30.482
28.833
31.745
29.882
28.224
25.976
26.625
29.829
29.41
28.58
29.237
46.869
29.267
44.83
25.201
28.187
54.283
35.89
35.776
29.187
30.837
32.465
31.83
33.523
26.486
26.696
28.631
36.055
125.291
32.804
25.467
30.109
44.06
29.625
28.066
31.634
30.455
28.146
29.081
31.699
28.388
29.027
26.109
32.804
31.913
28.823
34.63
30.505
28.174
29.589
419.773
38.956
136.932
33.058
64.599
69.734
46.394
29.167
30.667
31.909
38.713
25.432
65.991
36.989
28.068
28.255
40.895
40.72
31.079
29.428
26.64
49.355
33.247
41.873
28.639
31.758
76.902
37.603
34.396
56.449
33.698
43.243
28.398
42.17
64.851
29.978
27.925
30.008
27.212
68.407
32.134
32.021
28.221
30.297
166.989
131.291
48.051
36.67
32.389
44.783
26.985
39.709
30.372
36.613
28.371
30.16
39.405
43.373
28.172
34.258
43.089
28.69
30.564
47.708
28.635
36.79
27.433
100.729
25.232
27.564
27.562
31.203
30.359
31.889
30.974
35.55
31.087
33.47
30.606
28.55
28.559
34.958
33.444
31.281
30.688
27.201
29.777
30.936
30.06
30.459
28.992
30.976
34.137
27.574
26.778
62.197
30.245
39.901
29.424
29.012
29.278
132.056
28.817
31.405
27.331
28.949
33.033
32.901
35.133
32.745
29.736
28.239
29.631
32.356
28.072
31.988
32.54
31.868
33.33
37.065
31.693
31.001
28.836
30.017
46.78
26.458
33.325
27.774
27.531
31.302
29.305
27.343
30.512
32.519
28.6
33.301
40.521
28.06
28.817
30.929
32.559
28.695
35.519
28.062
27.657
69.637
29.763
29.079
30.924
26.507
28.804
34.527
28.076
28.029
31.685
27.789
29.306
28.782
28.436
29.68
31.063
27.745
28.761
29.579
28.883
30.03
31.19
28.782
31.774
29.416
28.014
30.531
28.014
87.215
29.343
29.056
39.036
25.756
26.735
27.379
30.921
28.978
26.825
28.399
29.321
29.294
30.846
30.99
29.12
29.235
28.404
29.528
29.143
26.473
39.111
28.661
37.743
26.738
29.249
31.012
28.686
28.074
28.83
27.839
28.291
23.911
26.433
26.564
26.976
28.52
30.44
32.981
28.632
23.606
35.545
26.19
32.036
29.216
30.322
29.928
27.695
31.312
30.395
29.059
27.65
29.114
30.808
26.095
27.361
25.604
29.257
48.426
28.797
31.817
29.218
26.12
29.409
33.074
29.941
29.088
28.171
29.533
26.497
25.74
26.343
29.06
27.826
27.342
35.007
29.449
27.356
30.42
30.937
40.882
29.236
31.406
29.252
54.831
30.701
29.375
27.515
27.196
25.3
32.507
31.626
26.473
25.98
28.384
36.549
32.244
27.567
32.479
29.584
30.41
26.461
27.35
26.267
26.109
31.323
29.505
26.749
34.759
27.022
29.278
27.575
26.362
31.387
31.541
30.074
31.657
30.268
28.235
26.994
25.802
28.845
30.104
28.056
29.878
28.438
26.7
27.209
29.137
62.72
28.642
39.556
27.938
33.637
28.897
27.352
27.593
32.462
29.828
30.431
36.363
28.683
31.071
29.359
28.44
26.18
29.458
25.27
29.13
29.383
29.262
27.624
28.554
33.634
28.165
29.171
27.576
30.7
33.657
36.184
28.042
26.245
27.173
27.195
26.443
26.731
28.366
28.157
27.453
25.7
28.292
29.717
27.948
27.863
34.589
27.559
28.07
27.061
40.871
26.122
27.607
28.565
26.175
27.507
27.749
29.036
27.032
29.946
28.419
25.852
26.996
29.423
27.55
29.587
26.957
28.3
31.506
36.551
29.665
26.766
29.185
28.314
27.703
28.01
26.239
30.058
30.681
28.672
31.055
27.852
28.054
28.633
28.539
29.315
27.584
30.19
30.057
27.195
31.018
28.866
28.401
26.918
30.07
27.778
26.226
30.201
27.197
28.607
27.935
26.068
27.783
26.373
28.525
28.709
28.702
34.268
29.419
27.465
26.386
29.615
28.462
28.922
29.359
28.322
27.008
28.137
28.84
26.745
28.142
29.337
29.448
28.918
26.822
27.387
27.135
45.907
29.932
32.259
30.671
30.036
26.865
28.087
28.627
27.338
29.681
29.672
26.259
29.79
27.546
28.293
29.46
31.245
28.568
29.86
28.23
31.33
30.156
27.249
28.717
29.295
28.339
27.097
28.044
27.602
34.457
33.053
28.185
26.172
29.067
26.862
30.784
30.86
30.817
28.15
31.457
27.376
31.84
29.19
28.56
29.385
28.569
26.379
25.702
30.198
30.908
39.663
28.532
29.977
28.076
26.732
24.539
27.869
27.453
29.493
27.579
29.656
35.477
27.55
32.446
28.866
27.562
30.97
28.298
30.764
27.904
28.32
29.98
30.072
29.776
30.305
29.92
26.82
27.304
29.269
27.706
28.692
27.88
31.122
29.777
29.907
30.484
25.709
29.513
29.503
29.107
29.829
29.393
27.786
32.87
27.687
28.365
26.305
28.169
31.308
25.743
25.74
27.887
28.115
29.067
28.666
28.586
27.705
28.728
26.856
31.915
27.937
26.821
28.927
27.897
28.125
27.943
28.991
30.024
29.589
26.228
