27.808
27.222
33.231
30.942
23.53
33.128
27.177
133.745
24.649
41.975
39.884
126.712
29.59
100.01
34.997
28.76
31.215
35.337
35.53
38.452
133.375
26.3
49.421
35.841
25.546
28.305
253.453
33.587
29.492
26.397
30.355
28.679
93.597
28.584
30.788
42.378
37.862
31.085
34.666
24.048
24.344
25.921
101.597
37.258
25.535
39.867
31.965
40.198
28.881
29.914
28.877
83.062
26.637
26.766
30.467
54.897
30.679
30.207
32.63
29.285
65.009
26.88
27.563
30.037
29.918
27.804
35.642
36.75
36.162
47.679
118.584
47.602
34.731
231.35
49.996
55.446
31.881
28.11
27.211
52.36
45.547
33.551
29.536
29.952
28.647
43.69
29.084
78.164
31.213
29.425
36.325
26.762
29.012
86.056
35.412
118.893
30.732
33.071
27.642
27.519
26.004
26.237
27.255
38.015
188.115
31.507
27.042
57.25
27.861
31.184
37.465
33.532
28.665
28.878
29.35
29.712
31.065
30.822
30.746
83.696
30.724
28.533
28.031
99.654
50.881
31.639
30.255
29.122
27.976
31.085
28.073
26.141
29.597
31.35
34.398
30.533
28.604
42.942
30.668
33.997
61.224
28.284
38.611
30.389
81.92
36.984
31.91
86.318
31.018
26.409
43.802
122.377
30.918
32.31
28.573
33.321
37.788
35.474
27.716
27.558
29.3
27.644
28.147
29.09
28.714
28.583
77.94
32.902
29.103
28.361
32.31
28.437
44.465
27.579
26.71
28.495
31.706
28.368
28.98
30.329
109.62
27.483
29.058
31.113
33.643
26.814
39.003
30.698
33.64
35.932
33.632
30.683
30.009
27.776
27.888
35.963
30.277
27.537
29.332
33.849
35.633
26.944
28.554
28.719
29.813
27.035
34.927
28.357
29.682
35.768
29.839
28.589
27.672
82.304
39.298
43.511
47.756
35.224
28.541
49.165
28.824
28.567
33.917
32.132
43.478
31.18
29.38
33.12
45.732
29.228
42.505
32.756
54.135
31.577
71.854
27.355
29.744
33.263
101.873
28.707
28.8
27.521
64.122
32.668
31.933
28.752
28.985
29.161
86.667
33.122
95.992
30.651
66.032
28.868
31.895
34.592
28.684
46.642
28.113
43.761
30.282
28.833
26.371
30.521
33.713
74.202
106.874
31.055
30.677
43.703
62.012
28.812
30.202
30.929
31.022
108.367
37.34
57.273
30.955
50.929
29.11
29.668
30.398
34.888
29.422
35.963
33.11
31.372
32.875
35.881
29.272
114.501
70.511
66.778
39.262
37.807
28.577
29.915
34.058
28.927
39.635
27.6
28.654
27.097
32.257
72.908
32.009
26.496
27.109
29.547
48.93
60.797
35.371
30.288
29.446
34.935
58.286
27.499
30.496
28.592
36.94
34.864
33.126
30.787
31.905
28.453
28.819
47.052
29.476
30.397
33.641
27.536
34.648
31.236
28.465
36.785
28.579
28.379
30.918
30.056
29.127
39.777
193.93
29.209
35.278
39.128
28.792
28.63
29.494
29.555
29.072
58.026
28.105
48.305
28.308
29.757
28.935
27.456
25.792
27.707
28.963
29.081
30.671
29.366
91.279
27.175
29.366
64.142
32.539
31.664
32.826
30.147
35.037
29.545
32.007
57.659
30.084
27.158
27.734
27.936
28.632
32.182
32.129
52.072
28.001
28.039
42.031
28.325
29.159
30.113
27.564
28.714
30.117
29.774
29.32
30.251
31.695
29.447
27.749
29.094
29.463
31.72
33.541
35.448
29.494
43.04
30.767
55.884
27.321
28.52
29.173
32.371
27.212
29.301
33.065
34.871
29.494
27.199
33.597
28.765
29.792
31.502
82.725
28.988
32.285
26.304
30.283
28.881
26.947
27.98
33.16
27.346
29.011
34.368
26.855
27.984
27.855
40.607
31.569
27.534
29.646
30.081
34.051
31.0
27.414
35.053
28.717
33.489
27.868
51.019
28.375
28.664
27.855
29.038
30.113
31.268
28.706
30.136
30.195
28.814
31.691
30.603
26.926
33.38
33.738
27.248
27.324
27.892
30.358
27.387
28.261
33.694
27.61
28.947
30.392
30.584
26.722
29.684
28.191
28.078
29.339
28.916
29.389
29.231
28.596
27.424
27.448
31.559
64.638
28.293
29.266
26.47
27.708
29.955
27.797
36.585
29.048
29.747
27.791
28.454
29.592
29.697
28.755
28.879
28.389
28.416
28.737
28.951
31.877
29.992
29.668
28.16
29.597
28.512
30.159
41.372
28.362
28.275
28.262
28.154
28.463
29.612
32.132
28.8
138.749
38.812
29.507
28.273
27.726
29.313
27.026
34.814
27.643
26.965
29.194
31.117
28.431
30.759
29.574
28.969
27.087
27.618
30.745
27.03
29.467
30.3
28.155
30.737
28.188
29.446
28.759
27.702
28.167
28.077
28.932
32.571
28.172
31.506
32.292
27.778
28.478
28.175
30.792
29.227
34.604
29.049
29.186
28.699
28.766
27.235
31.599
27.872
31.223
26.781
26.118
30.376
29.244
27.131
28.96
29.518
31.654
28.289
27.007
26.102
29.144
31.2
33.342
29.763
29.31
28.833
30.052
28.487
30.798
28.757
28.758
26.499
24.793
28.22
27.834
26.971
28.073
27.231
28.064
36.564
32.463
29.179
28.053
28.456
29.101
29.774
30.365
28.402
30.221
31.133
31.493
30.481
38.816
29.432
29.545
27.804
29.786
29.025
27.7
29.121
37.472
27.175
26.29
27.771
28.151
43.66
33.829
27.212
30.523
27.877
28.799
27.361
27.564
26.444
30.878
28.609
28.182
29.037
29.411
28.277
28.975
30.873
28.687
33.743
26.709
28.612
55.04
26.378
24.738
29.68
27.646
31.241
30.443
28.616
27.709
27.295
29.21
26.604
27.711
28.375
28.713
28.602
25.889
27.713
25.323
27.629
27.228
50.208
64.912
50.379
36.338
28.714
27.568
26.926
28.349
27.835
30.157
29.829
108.424
30.382
30.553
29.789
25.235
46.604
28.216
63.748
51.417
25.977
26.558
29.307
38.064
44.255
51.087
46.301
29.657
27.428
26.517
27.974
27.32
29.855
28.292
27.095
27.96
33.38
29.147
29.587
27.262
27.477
26.788
26.722
27.387
30.007
30.165
27.007
29.332
27.821
26.847
37.357
27.203
24.554
26.49
24.995
26.605
28.078
27.77
29.627
26.935
26.602
26.936
26.54
23.906
31.01
27.727
27.84
29.733
28.336
26.519
29.679
26.596
24.979
26.65
29.017
29.922
28.338
27.404
26.827
26.783
28.807
28.749
27.938
28.512
31.135
25.538
25.977
25.848
28.389
29.303
27.334
26.103
27.619
27.452
26.6
27.292
25.209
32.535
27.866
31.01
26.366
26.946
28.536
28.134
28.655
27.527
27.311
27.284
26.262
28.431
28.327
30.528
28.338
26.315
25.085
26.107
27.681
26.686
28.367
26.544
27.029
26.721
26.964
25.474
27.577
28.874
27.883
28.534
26.399
26.037
24.866
30.942
27.806
25.913
27.338
27.861
24.548
26.015
25.951
29.695
27.053
33.773
26.501
27.13
26.103
28.877
27.613
25.597
25.891
26.892
24.212
24.769
26.157
26.893
28.354
26.587
27.94
27.235
33.861
26.782
26.426
26.403
27.384
24.899
24.268
25.66
26.39
28.122
26.163
27.837
24.18
26.379
25.528
25.991
34.411
27.212
29.802
29.201
27.78
25.663
28.563
26.773
25.927
32.983
28.084
29.14
27.697
25.345
24.993
28.328
29.629
25.922
26.561
24.443
25.807
26.004
28.324
28.224
27.951
27.908
31.61
25.85
28.022
24.697
27.629
40.082
26.408
27.99
25.773
26.804
26.035
25.168
28.987
26.047
27.037
28.98
31.119
27.297
26.958
36.009
29.671
28.52
29.858
26.569
24.551
30.866
29.318
25.801
27.22
28.028
29.33
29.447
26.899
28.547
28.076
26.724
25.623
26.124
27.195
27.385
30.971
30.132
30.61
28.823
28.183
29.476
28.88
28.865
30.213
28.287
27.905
28.489
26.283
34.319
26.474
24.347
25.619
26.331
27.294
27.208
27.093
27.676
30.572
26.981
24.885
26.443
28.7
28.142
27.483
28.748
28.357
25.545
25.469
29.379
28.901
27.74
27.895
28.961
28.467
29.05
29.681
29.066
28.564
26.338
27.784
25.758
26.123
29.405
26.224
28.175
27.875
27.926
26.82
25.355
27.697
29.054
28.247
28.638
28.068
25.476
28.31
28.002
26.07
28.044
28.776
26.385
28.038
28.286
25.882
28.933
29.364
28.707
31.869
29.082
29.062
29.23
27.588
26.557
26.522
26.902
27.736
26.761
28.901
30.522
28.325
28.057
31.141
27.891
27.777
29.66
29.921
32.91
30.183
29.346
27.986
28.117
28.535
28.661
29.353
25.695
29.047
27.466
27.133
30.023
29.566
27.386
25.705
25.919
26.592
29.077
28.136
