50.947
24.816
19.155
19.39
20.193
21.332
29.51
19.335
19.095
20.145
88.655
20.385
21.196
25.089
42.334
19.128
19.134
19.927
19.232
31.732
20.124
20.374
25.524
19.511
19.277
25.043
21.114
21.209
19.192
69.814
20.724
19.424
20.047
19.224
19.615
19.26
19.881
19.778
20.096
25.515
19.211
19.739
19.327
26.578
19.391
22.13
19.654
19.349
20.103
19.429
19.182
19.543
19.123
30.78
19.63
19.567
20.011
32.367
20.093
20.844
19.438
19.265
20.219
19.151
20.803
19.927
24.502
19.447
19.617
19.503
20.062
19.308
19.48
24.831
19.532
19.355
20.448
19.531
19.425
20.32
19.017
19.124
20.09
19.548
19.127
19.478
20.801
19.686
23.989
19.219
20.057
23.012
21.91
21.055
19.195
19.594
19.683
19.401
19.717
19.186
19.568
35.383
19.78
20.263
27.358
23.868
20.098
20.473
21.215
19.326
21.609
31.309
22.997
19.74
19.615
19.353
19.402
19.616
19.675
19.395
23.53
21.372
19.323
19.897
19.152
19.161
19.415
19.344
19.329
19.041
19.748
20.569
19.346
28.202
19.126
19.49
19.651
19.505
19.287
19.189
19.311
19.223
19.147
23.468
19.23
19.35
19.183
19.203
19.424
19.244
20.415
20.297
19.639
19.426
19.546
19.272
19.408
19.217
19.22
20.173
20.208
25.288
19.344
19.762
19.114
19.266
19.882
19.176
19.02
19.324
19.362
19.301
19.25
19.412
19.099
19.377
20.256
19.779
19.215
19.248
19.148
19.233
19.295
19.969
21.928
19.428
19.22
19.137
19.208
20.081
20.036
21.622
19.205
19.74
22.712
25.44
19.248
19.359
19.146
19.194
19.24
19.726
19.145
19.343
19.727
19.309
19.287
19.202
20.165
19.241
19.131
19.341
20.963
19.2
20.951
19.232
19.064
20.06
28.58
19.206
19.518
19.241
19.281
19.182
19.282
19.305
19.311
19.191
19.266
19.491
19.167
19.229
19.191
19.221
19.132
20.436
19.868
19.904
19.272
19.182
22.472
19.12
19.463
19.2
19.26
19.199
19.307
19.363
19.233
19.281
19.352
19.998
19.107
19.233
19.268
19.324
19.252
19.172
19.348
19.398
19.739
20.589
19.298
19.116
19.141
19.134
19.295
19.113
19.161
19.427
19.36
19.097
19.277
19.349
19.316
19.334
20.196
19.14
19.282
19.127
19.396
19.63
19.373
19.285
19.466
19.556
19.356
19.271
19.339
19.571
19.672
19.274
19.17
19.335
20.837
19.299
19.279
19.299
20.313
19.463
19.61
19.26
19.594
24.164
19.38
19.367
20.303
19.292
19.237
19.442
19.184
19.121
19.195
19.136
19.407
19.163
19.238
19.291
19.301
19.312
19.352
19.163
19.254
19.329
20.037
19.215
19.668
19.156
19.271
19.261
19.308
19.266
19.124
19.334
19.351
19.307
19.176
19.237
19.152
19.835
19.382
19.366
20.542
19.221
19.451
19.278
20.45
19.22
19.337
19.159
20.167
19.203
19.24
19.906
19.167
19.413
19.081
19.387
19.692
19.219
19.39
19.639
19.244
19.066
19.171
19.282
19.292
19.233
19.045
19.185
19.209
19.071
19.103
19.139
19.181
19.194
19.336
19.276
22.545
24.176
19.277
19.119
19.288
19.305
19.651
19.317
19.269
19.156
19.221
21.963
19.309
19.28
19.139
20.182
19.3
19.283
19.402
19.505
19.269
19.172
19.133
19.291
19.395
19.178
19.198
19.47
19.16
19.157
19.274
19.302
19.205
19.177
19.209
19.49
19.203
19.42
19.175
19.145
19.249
19.148
19.139
19.232
19.095
19.157
19.24
19.288
19.135
19.269
19.288
19.223
19.158
19.156
19.175
19.316
19.272
19.174
19.13
19.807
19.147
19.301
19.079
19.168
19.17
19.087
19.267
