167.296
40.851
11.8
14.004
16.033
18.185
55.985
12.715
10.79
21.288
169.453
28.995
31.354
69.873
83.803
10.268
9.409
24.371
15.72
58.938
19.572
19.841
43.469
15.936
10.95
37.625
27.757
26.086
10.693
149.466
25.698
15.586
21.287
13.533
18.684
11.785
29.289
18.119
20.083
40.55
9.933
16.379
11.581
53.943
14.671
39.677
15.795
14.299
20.385
12.214
11.346
15.457
9.169
61.035
16.293
16.253
20.247
52.714
18.311
21.75
11.966
10.655
19.643
10.346
23.314
21.43
39.39
12.321
17.555
12.637
18.525
10.631
15.043
28.37
14.913
10.84
28.992
15.111
8.943
18.915
10.217
10.109
17.618
21.425
10.836
14.327
30.649
14.812
36.138
8.872
22.382
32.974
26.583
21.832
9.058
15.068
15.215
13.872
19.765
8.406
12.754
41.066
14.166
22.648
45.939
32.532
21.035
23.252
32.758
9.766
26.688
41.412
25.24
16.975
19.764
12.181
11.392
16.155
16.995
12.471
33.113
23.043
11.101
14.951
10.386
10.189
9.243
9.322
12.093
10.919
17.112
23.273
11.454
45.934
10.856
16.559
12.724
15.688
9.713
10.708
9.611
10.092
11.437
31.815
9.631
15.896
10.683
10.857
13.278
12.305
11.619
19.735
16.247
12.896
13.24
10.404
9.903
8.945
9.789
17.827
16.757
48.613
12.513
20.965
9.975
11.603
17.869
10.943
10.564
13.01
12.909
12.96
9.516
12.741
9.71
9.701
23.151
15.797
12.973
10.894
8.803
9.813
11.987
19.387
34.419
14.357
11.329
11.129
9.441
17.539
17.922
34.424
9.502
15.855
23.221
22.35
9.268
8.022
9.298
9.638
9.625
16.497
10.677
16.652
18.144
9.635
11.669
10.361
17.911
8.719
10.76
9.175
31.979
11.402
22.478
8.672
10.076
17.658
47.416
9.532
14.252
9.37
11.978
11.689
8.746
12.281
9.046
10.561
9.565
17.051
10.679
10.355
10.322
9.762
9.74
24.932
18.611
17.887
12.061
10.206
29.126
10.765
13.854
9.597
9.066
11.949
8.734
9.556
8.828
12.813
11.905
17.857
9.901
9.722
9.185
11.487
9.361
9.62
8.932
9.822
17.892
19.981
13.415
9.853
10.465
11.231
9.256
8.345
8.652
13.039
8.801
11.188
9.506
10.35
9.666
12.328
18.541
11.042
9.593
10.368
12.557
15.628
13.595
9.85
14.809
14.347
13.562
10.874
11.1
15.707
13.66
9.77
11.068
12.257
18.528
9.915
8.813
11.99
15.865
8.71
14.533
9.662
12.872
27.899
11.798
9.551
15.081
9.23
8.658
9.149
11.467
9.926
10.671
10.283
12.718
10.443
14.634
9.388
9.114
9.97
9.545
10.134
10.371
9.598
19.428
10.708
16.195
10.421
9.226
9.153
11.777
10.992
10.466
12.569
9.012
9.525
9.425
9.318
8.706
24.467
13.515
8.747
21.631
9.808
17.072
9.007
15.448
9.14
9.779
8.555
22.398
11.586
10.149
14.685
10.627
14.17
10.918
13.305
19.292
9.625
9.01
15.613
14.142
10.173
8.514
9.89
10.353
8.495
10.834
11.618
11.741
9.94
10.561
10.041
9.828
8.503
9.811
11.974
19.32
50.579
11.088
8.795
13.289
8.977
16.342
14.482
14.611
8.782
11.546
20.229
13.575
12.899
11.325
16.198
9.295
14.419
14.853
17.625
9.6
9.276
9.348
9.927
9.769
8.362
9.882
11.958
8.476
8.605
10.354
8.978
8.973
10.047
9.825
16.417
12.089
8.377
9.289
8.594
9.199
8.791
11.405
8.49
8.841
10.485
9.01
9.353
8.513
8.421
9.923
8.495
8.485
8.597
10.96
8.595
14.759
10.584
9.257
15.782
8.486
9.086
10.457
8.593
8.382
10.937
9.942
