101.998
9.428
126.403
10.714
10.41
9.452
25.676
38.734
28.806
10.327
53.946
154.515
13.727
17.967
13.886
14.085
65.004
9.279
61.964
16.09
16.304
20.922
22.383
10.29
20.469
11.944
23.744
10.225
16.553
12.92
51.523
18.284
10.71
10.843
11.783
9.324
8.709
26.978
10.569
23.196
16.103
9.436
13.22
36.521
76.87
23.932
31.529
23.277
23.947
10.762
33.805
18.392
16.507
9.47
22.135
10.272
20.651
9.467
12.581
37.25
11.955
14.774
9.49
9.762
9.211
12.369
10.025
15.758
9.462
16.481
10.186
10.106
10.926
19.579
14.574
17.926
12.666
21.635
21.042
12.822
11.33
19.227
13.405
9.194
9.581
36.585
8.863
9.489
10.28
10.556
10.636
17.794
9.482
9.528
8.808
9.28
9.23
15.969
8.683
10.802
9.262
11.439
12.523
10.343
8.972
9.126
24.463
9.836
10.015
10.32
11.744
9.647
9.796
12.147
11.093
19.079
14.178
10.277
8.849
10.703
10.635
13.103
16.501
8.966
10.363
13.387
13.985
15.956
12.642
9.004
8.77
9.056
14.637
8.38
11.364
11.764
11.492
8.631
13.816
8.536
9.435
9.694
14.485
30.363
19.573
8.825
12.645
9.277
10.508
9.482
9.357
8.999
11.729
20.585
10.403
18.858
9.917
10.048
11.677
9.425
13.831
10.991
8.779
9.103
9.993
11.028
9.112
11.214
9.42
10.658
14.807
11.737
8.785
9.019
9.687
9.004
12.046
9.082
9.273
16.245
9.211
9.755
9.057
12.575
16.016
9.114
10.804
8.668
9.635
9.401
14.562
10.715
12.059
12.712
9.411
8.928
10.071
9.234
12.113
13.678
9.73
8.65
10.208
8.93
10.841
9.487
9.148
8.657
8.999
12.098
9.832
8.536
13.899
12.33
11.598
8.709
10.274
8.601
11.989
10.077
9.258
10.32
12.628
9.413
8.819
8.531
12.684
9.032
9.292
9.052
9.476
8.394
9.642
8.502
10.584
16.324
13.519
11.271
9.612
13.581
8.514
9.383
8.809
8.148
10.589
10.771
8.73
10.752
9.36
8.092
8.861
11.599
10.342
13.613
8.401
