21.394
40.822
151.806
27.557
143.233
20.641
123.518
29.928
155.849
23.685
143.964
66.591
35.95
35.271
49.798
87.147
24.362
94.427
91.515
23.595
31.826
124.567
66.224
23.738
113.864
95.768
58.954
112.717
78.243
77.411
131.512
112.973
26.337
52.669
140.747
40.509
21.198
22.129
101.448
39.202
21.712
89.187
75.509
21.567
40.169
27.596
20.243
112.778
54.482
19.123
42.626
114.727
103.086
19.485
129.472
47.594
21.969
169.464
35.245
44.803
34.277
135.179
44.983
29.197
112.928
19.985
19.677
100.724
100.073
19.64
57.532
19.718
48.06
20.926
156.785
27.59
28.68
66.597
55.474
52.691
149.543
19.695
106.815
20.774
101.281
34.224
117.244
20.769
20.266
67.849
102.848
28.247
34.188
65.964
151.005
67.932
65.593
22.669
47.197
36.757
28.709
105.655
30.713
95.831
18.534
27.343
44.778
58.794
65.082
40.693
19.769
19.214
92.12
72.933
22.841
41.23
79.345
47.53
21.002
22.563
26.364
78.217
26.524
20.807
19.404
121.651
63.842
19.408
19.618
130.465
66.281
19.911
21.126
106.375
18.996
21.343
19.237
19.914
39.156
40.32
20.969
29.592
45.873
20.611
25.335
22.538
19.525
19.808
21.28
33.182
30.381
40.207
20.786
157.257
35.461
20.091
23.019
20.017
44.821
19.531
20.21
20.192
20.637
47.309
23.096
123.018
19.938
41.731
29.759
74.633
66.466
43.48
161.22
24.02
65.84
20.128
18.872
27.115
38.019
19.384
19.7
113.005
20.298
20.912
23.073
58.599
19.087
57.913
126.053
144.067
124.629
43.1
29.083
67.932
65.99
19.614
34.242
20.248
43.291
25.411
25.199
19.701
23.225
19.216
20.665
21.734
19.03
20.241
59.588
53.838
21.245
83.746
120.018
47.294
45.383
24.915
21.271
55.017
21.035
34.382
19.962
20.405
22.02
18.843
95.102
19.986
20.25
18.135
20.362
20.088
152.218
18.779
25.864
19.374
20.864
19.409
19.991
25.705
127.875
19.943
22.532
19.021
53.452
24.814
66.958
18.83
27.06
32.985
19.984
20.054
23.104
20.114
21.625
41.914
19.653
19.46
18.996
19.048
19.972
19.596
19.429
19.162
19.306
35.11
20.479
19.518
18.752
