70.752
167.55
44.914
120.234
207.765
211.052
82.162
21.143
52.96
421.655
55.424
140.477
44.279
41.55
206.069
63.442
152.838
40.502
233.616
25.77
133.385
268.324
259.113
130.112
41.777
31.987
84.891
30.404
39.75
36.656
40.396
20.838
219.079
202.432
170.159
97.218
139.098
30.278
21.903
30.368
21.501
22.137
23.369
22.145
35.16
43.311
81.827
27.698
77.56
84.546
26.045
75.204
286.156
310.333
157.367
144.267
34.66
34.424
59.864
24.678
21.916
20.631
64.671
29.145
30.069
34.649
22.053
22.29
93.492
21.172
21.508
27.056
35.123
136.359
307.434
46.913
18.819
85.229
31.158
116.703
20.226
133.193
21.749
46.757
19.336
27.208
19.623
30.895
19.507
22.867
132.082
18.87
179.89
19.28
29.76
18.907
18.317
19.684
49.329
27.226
19.624
18.42
134.916
18.622
29.822
18.94
27.034
19.613
17.831
173.692
21.445
23.627
19.367
18.54
237.824
19.465
