282.91
40.669
119.619
173.296
207.091
23.913
172.619
16.472
94.553
12.918
115.531
160.42
19.28
31.079
53.47
152.671
277.845
185.699
149.638
129.519
41.125
34.136
262.328
22.556
219.885
58.414
21.438
100.131
116.288
233.798
21.877
13.076
18.612
72.233
23.634
203.935
293.077
18.958
220.7
28.84
14.876
132.98
128.518
38.72
14.694
18.295
23.387
20.438
202.927
179.807
18.164
46.498
58.288
13.478
54.912
65.995
29.582
19.351
33.421
59.902
210.662
66.781
13.876
12.786
53.754
82.871
134.227
66.549
83.693
73.275
315.022
107.373
13.767
17.335
29.572
15.954
15.845
12.818
63.009
273.161
106.142
201.259
54.506
69.584
114.797
17.919
54.51
60.178
16.743
16.493
160.661
14.957
34.348
13.624
43.923
13.482
14.158
118.203
15.16
37.336
34.29
12.681
109.963
54.871
14.792
13.353
111.459
138.688
16.068
195.456
189.85
145.668
13.717
23.565
14.171
23.107
13.652
80.617
37.472
22.252
13.955
110.488
161.941
13.118
55.29
13.715
12.981
127.112
41.41
12.937
175.068
31.708
13.191
13.887
12.808
50.079
12.643
14.215
13.029
217.359
12.511
40.917
13.199
13.138
44.967
12.359
14.086
12.479
19.05
13.215
13.442
33.562
174.882
12.978
12.355
249.074
49.647
