21.484
41.815
24.557
19.349
44.328
19.487
21.553
106.46
20.234
21.272
20.106
25.15
19.976
19.308
21.297
20.871
19.062
19.805
19.001
19.345
19.104
25.141
19.161
27.875
19.739
21.006
19.611
21.53
19.437
19.381
21.785
19.641
19.641
19.159
19.982
21.086
20.187
20.046
26.343
24.29
19.53
20.218
19.309
19.249
19.499
19.957
19.121
19.923
20.454
20.364
20.314
19.513
19.918
19.306
19.564
20.224
19.387
19.235
19.214
19.361
19.871
19.246
25.969
28.956
23.173
19.277
20.074
19.224
19.346
19.655
19.444
25.078
22.033
19.632
19.13
19.629
22.379
20.387
22.254
19.775
20.643
20.138
20.613
19.702
21.442
19.302
22.992
20.944
19.267
19.271
19.21
19.172
19.651
19.031
19.581
19.49
19.31
19.462
19.502
20.401
19.084
19.213
19.108
19.21
19.178
21.032
19.4
19.08
25.22
19.813
19.276
19.259
19.262
19.265
19.22
19.22
20.016
19.273
19.168
19.054
19.353
19.281
19.171
19.439
19.073
19.706
19.431
19.079
19.245
19.459
18.977
19.323
19.197
19.229
19.104
19.819
19.228
19.25
22.628
19.196
20.586
19.154
19.205
19.209
19.283
19.476
19.869
19.261
19.173
19.211
19.047
19.23
19.078
19.209
20.524
19.244
19.064
19.262
19.397
19.213
19.013
19.109
19.187
19.252
19.276
19.267
19.371
19.324
19.604
19.417
19.245
19.027
19.12
19.768
19.179
19.294
19.724
19.251
19.187
19.223
19.029
19.3
19.717
19.187
19.189
19.501
19.235
19.035
19.726
19.238
19.209
19.58
19.109
20.689
19.162
19.264
19.143
19.124
19.122
19.227
19.147
26.444
19.258
19.328
19.242
19.401
19.17
19.185
20.95
19.19
19.432
19.112
19.19
19.157
19.243
19.175
19.177
19.234
19.198
19.084
19.137
19.262
19.223
19.123
19.181
20.219
19.245
19.625
19.183
19.217
19.082
19.654
19.225
19.184
19.21
19.203
19.288
19.246
19.464
19.095
19.244
19.265
19.092
19.429
19.273
19.041
19.224
19.275
19.564
19.244
19.233
19.138
19.196
19.364
19.085
19.285
19.726
19.198
19.112
19.181
19.23
19.188
19.193
19.149
19.042
19.187
19.142
19.213
19.138
19.109
18.996
19.191
19.144
19.305
19.088
19.184
19.044
19.357
