40.016
127.141
160.869
20.224
33.067
242.838
45.828
22.252
57.671
33.463
160.386
94.937
68.309
98.152
122.542
118.698
43.915
412.173
44.324
217.892
44.406
35.523
167.196
112.87
346.499
42.143
51.424
65.822
96.3
44.16
33.177
151.557
59.824
418.951
43.155
474.706
92.57
61.423
53.977
32.932
383.325
31.033
187.766
122.561
107.675
213.658
92.676
356.835
28.603
49.998
27.821
27.224
139.515
95.477
42.328
30.446
94.224
320.894
25.728
104.543
29.23
183.943
183.23
521.791
161.612
32.149
166.341
87.833
31.265
87.75
32.412
26.427
38.923
153.684
54.305
205.614
26.651
126.002
301.835
219.629
169.68
45.881
193.216
77.049
160.806
41.984
39.216
40.623
364.453
27.542
55.09
27.857
31.614
30.235
29.704
29.594
24.834
30.281
231.329
74.789
31.268
26.223
232.452
26.081
179.179
25.22
26.171
198.313
