34.354
137.849
166.933
31.496
153.126
43.748
10.746
36.632
24.252
174.59
125.803
39.02
118.349
109.524
86.437
17.871
106.788
21.669
138.343
14.11
12.167
75.094
81.623
155.687
17.034
19.157
27.274
42.605
13.565
9.898
86.231
26.504
266.043
12.319
147.07
37.009
25.84
19.776
11.127
168.515
9.666
85.766
56.05
67.632
97.646
32.522
173.413
9.987
16.655
9.58
8.735
91.147
39.946
13.949
9.609
42.995
75.594
9.701
34.148
9.411
74.933
44.051
93.033
55.44
12.172
56.808
24.21
9.594
28.794
11.773
9.831
12.962
54.856
27.9
50.656
10.382
48.606
58.633
50.257
79.513
13.862
81.458
33.902
15.791
11.49
11.24
106.594
9.487
14.832
9.478
8.109
7.851
10.249
9.128
8.086
9.936
84.328
21.413
9.83
8.757
105.278
8.291
52.294
9.243
8.024
153.251
