22.112
49.854
30.825
19.197
69.212
19.343
19.129
116.115
20.598
24.024
20.369
26.623
20.623
19.309
21.758
20.949
19.12
20.216
19.055
19.347
26.271
19.23
30.014
19.685
21.028
19.502
21.325
19.585
19.532
23.146
19.707
19.871
19.259
20.378
21.537
20.036
19.913
34.475
22.623
19.651
20.307
19.398
19.231
19.374
19.861
19.097
19.974
20.667
20.772
20.469
19.423
19.626
19.384
20.121
19.706
19.619
19.18
19.15
19.746
19.671
19.363
26.551
26.226
24.011
19.097
20.347
19.224
19.34
19.428
19.414
23.146
23.128
19.589
19.159
19.704
22.987
21.436
22.942
19.634
20.471
20.865
21.108
19.491
21.823
19.439
23.966
21.34
19.183
19.171
19.284
19.237
19.808
19.185
19.639
19.819
19.347
19.552
20.437
20.682
19.075
19.17
19.185
19.201
19.074
21.658
19.407
19.093
28.79
19.834
19.352
19.261
19.386
19.227
19.246
19.431
20.479
19.551
19.228
19.133
19.332
19.383
19.237
19.461
19.135
19.532
19.192
18.97
19.171
19.234
19.191
19.286
19.076
19.258
19.112
19.546
19.367
19.147
22.247
19.183
21.006
19.132
19.304
19.272
19.192
19.892
19.861
19.281
19.273
19.255
19.028
19.171
19.133
19.246
20.865
19.332
19.101
19.208
19.252
19.251
19.087
19.13
19.21
19.238
19.284
19.328
19.352
19.43
19.602
19.46
19.522
19.054
19.216
19.278
19.172
19.256
19.336
19.122
19.078
19.254
19.265
19.421
19.783
19.286
19.225
20.312
19.28
19.06
20.034
19.262
19.252
19.778
19.139
19.345
19.393
19.378
19.228
19.261
19.164
19.227
19.131
23.821
19.423
19.514
19.268
19.198
19.23
19.275
20.825
19.314
19.528
19.127
19.288
19.25
19.296
19.373
19.425
19.267
19.236
19.207
18.996
19.285
19.248
19.186
19.182
20.022
19.423
19.43
19.292
19.304
19.177
19.402
19.282
19.188
19.187
19.267
19.2
19.415
19.4
19.12
19.284
19.371
19.146
19.37
19.323
19.142
19.406
19.594
19.186
19.162
19.271
19.312
19.407
19.099
19.366
19.558
19.195
19.054
19.189
19.368
19.255
19.158
19.155
20.043
19.122
19.249
19.219
19.072
19.14
18.994
19.162
19.229
19.247
19.168
19.195
19.038
19.294
