34.314
168.119
41.197
9.208
89.89
12.022
10.5
169.952
28.186
31.946
33.592
71.075
24.141
15.633
32.733
23.757
10.231
19.011
10.373
12.999
8.429
43.429
9.668
53.693
15.124
23.666
16.932
25.156
17.774
13.67
30.883
18.736
18.162
9.922
20.461
32.664
16.021
16.423
54.297
39.523
15.283
20.568
13.029
11.08
16.007
19.686
10.501
19.786
23.1
18.54
21.627
12.244
15.799
14.876
17.756
20.439
14.082
11.756
10.557
15.189
21.157
11.732
35.954
41.131
65.623
10.137
23.252
9.264
11.868
15.288
14.01
27.979
21.916
14.892
9.099
14.852
32.279
22.719
31.106
19.613
23.05
23.05
30.079
14.12
27.159
11.324
38.522
21.77
11.023
9.091
9.254
11.975
14.512
9.4
19.594
15.279
12.103
12.4
16.601
23.344
9.501
9.772
10.224
9.48
10.376
23.976
15.557
11.228
42.062
16.801
13.703
12.94
12.099
9.912
10.326
13.64
18.083
11.89
11.529
10.195
13.296
12.731
9.366
12.474
9.619
16.204
9.506
9.335
9.181
9.119
9.976
12.683
10.15
9.325
10.372
16.486
9.053
9.48
41.848
9.497
29.944
9.582
11.839
9.728
8.872
14.708
17.135
9.338
9.886
11.722
10.216
9.162
10.107
9.138
23.536
9.131
9.974
9.178
9.279
11.606
10.331
8.8
10.194
9.34
9.368
9.889
9.513
10.925
20.013
12.216
13.521
10.009
10.743
8.475
11.153
9.157
8.939
10.211
10.311
8.738
9.934
10.856
16.154
13.258
11.165
15.292
12.314
10.189
17.226
9.279
8.946
17.393
10.641
19.245
8.942
12.057
9.065
11.307
10.013
8.415
9.767
41.576
12.024
13.543
13.636
8.925
10.312
11.13
17.038
9.552
16.674
10.217
9.529
8.581
11.585
13.361
9.63
9.674
9.292
10.262
10.706
9.636
9.423
8.564
8.798
24.349
9.831
16.573
9.427
9.579
10.672
13.335
9.062
12.093
9.974
9.856
9.392
11.143
12.502
9.514
9.668
11.686
10.132
14.758
13.778
9.795
9.173
9.421
18.347
8.896
8.784
9.195
10.774
11.521
8.803
9.368
17.549
8.592
8.405
8.119
9.381
8.681
8.239
8.706
10.588
9.756
10.503
9.405
9.212
8.014
10.454
8.488
13.685
9.738
8.223
8.85
10.199
16.317
