35.682
167.661
39.699
9.701
88.725
11.56
11.118
166.875
28.63
30.483
32.353
69.679
24.297
15.562
32.117
24.542
10.001
19.703
9.372
13.335
43.487
9.806
53.948
15.806
22.609
16.04
25.504
18.332
12.927
30.182
19.838
17.662
10.335
20.732
33.009
15.973
16.099
54.501
40.227
15.565
19.741
12.541
11.164
16.413
20.055
10.912
19.501
23.458
19.0
21.855
12.631
15.867
14.86
17.77
20.144
14.866
11.335
10.209
15.023
21.136
11.801
36.537
40.007
66.97
10.539
24.064
9.256
12.118
14.815
13.33
29.658
21.305
14.149
8.592
15.503
31.437
22.854
32.331
20.117
23.37
23.543
29.391
13.873
27.664
10.846
38.53
21.069
10.997
9.289
9.453
11.307
14.194
9.974
19.509
15.662
11.768
11.904
16.651
23.455
9.781
9.017
10.71
10.16
10.31
23.206
16.171
10.524
41.449
17.001
13.153
12.937
11.91
9.402
10.134
14.684
17.867
11.555
11.648
9.895
13.572
12.805
9.543
12.598
9.619
16.225
9.188
9.557
9.478
8.777
9.166
12.264
10.649
9.405
10.155
15.586
9.457
8.87
41.246
9.258
30.879
9.413
11.111
9.248
9.101
14.946
17.493
9.747
9.293
12.571
9.861
8.979
9.833
9.562
22.219
8.757
10.506
9.524
8.177
12.462
9.973
9.038
9.608
9.281
9.666
9.835
9.037
12.69
17.984
11.384
14.09
10.885
10.377
8.725
10.85
9.378
8.544
10.21
10.675
8.948
9.39
11.798
15.924
14.161
11.629
15.37
11.604
10.442
17.597
9.003
9.133
17.753
10.5
19.405
8.931
12.957
8.982
11.002
10.229
9.087
9.471
40.946
12.525
14.12
13.199
9.37
9.938
11.762
17.401
9.527
16.253
10.502
9.956
9.249
11.104
13.4
9.942
9.676
8.694
10.925
10.338
9.364
9.052
9.277
8.499
24.97
9.501
16.387
9.388
9.267
10.464
14.501
8.457
12.205
9.692
9.644
9.771
10.976
13.165
9.67
8.934
12.439
11.28
14.313
13.303
10.048
10.042
17.889
8.919
8.743
10.753
9.684
11.842
8.629
9.926
16.271
8.856
8.797
9.165
9.225
8.701
8.255
9.295
10.109
10.633
10.704
9.742
8.186
8.594
10.035
8.966
11.789
9.852
8.17
8.932
9.918
15.899
