179.37
66.394
29.477
49.895
82.671
28.244
28.309
27.739
43.626
75.078
41.63
35.222
42.182
30.634
45.022
27.102
32.078
35.496
30.504
37.243
32.529
51.06
49.589
32.758
32.655
39.405
28.386
29.415
31.223
28.886
154.341
44.124
55.433
28.569
48.593
31.011
27.853
25.179
54.312
32.186
28.773
32.0
32.372
27.512
32.864
27.351
28.562
35.171
36.059
27.794
35.155
29.523
30.345
34.429
27.987
31.506
33.735
35.865
25.823
42.078
28.366
30.447
27.581
28.848
28.667
48.502
168.041
39.977
28.757
30.136
29.506
30.616
28.527
136.723
26.558
30.288
35.368
36.044
33.461
40.326
28.042
82.864
29.206
33.29
31.733
77.805
28.786
32.082
28.371
28.76
39.942
27.291
45.589
28.549
28.465
27.146
25.953
27.929
30.032
26.485
27.2
29.458
39.091
36.449
30.793
40.761
28.319
46.135
68.352
31.229
28.588
48.872
28.716
29.288
27.476
27.486
28.337
29.521
27.487
27.915
25.999
26.367
27.952
34.477
28.182
33.473
27.64
28.0
27.006
25.046
29.776
28.622
28.465
25.858
27.433
28.337
26.491
411.273
30.523
25.739
35.932
77.223
29.007
28.432
29.715
32.334
38.662
30.743
25.724
28.004
27.486
54.12
36.706
33.966
31.118
26.17
68.586
35.776
35.72
35.118
39.18
28.4
52.236
29.085
37.552
49.512
47.208
42.395
26.571
29.193
34.424
56.873
93.328
41.79
44.947
37.704
28.672
54.609
32.344
27.998
25.572
46.629
26.379
26.655
27.442
28.373
35.004
31.433
30.092
29.669
31.4
31.036
28.009
28.803
28.141
30.996
27.355
26.715
30.263
30.596
32.217
27.447
28.575
45.987
28.064
28.461
60.579
27.78
27.699
27.335
28.929
27.802
28.645
28.335
30.108
28.172
28.463
44.1
28.5
29.955
31.378
256.967
27.742
28.542
29.47
72.888
28.545
28.658
30.184
32.231
27.666
30.711
29.302
28.256
46.879
30.681
29.39
28.631
30.516
29.921
27.647
36.721
32.198
29.5
31.188
27.997
48.551
33.647
31.203
28.349
32.457
30.187
38.179
47.117
28.646
28.925
31.292
29.801
28.326
30.05
30.55
29.336
30.498
30.144
28.034
27.882
28.156
30.237
35.452
29.72
33.548
32.835
42.913
30.132
51.344
35.529
29.194
28.511
27.726
38.626
25.706
29.267
34.32
26.684
29.432
28.287
30.335
28.912
29.75
28.845
28.605
44.097
32.177
30.04
30.914
28.214
29.421
31.059
26.713
28.78
35.006
31.357
27.601
24.726
25.482
26.845
27.479
31.078
29.864
28.343
29.169
27.254
32.346
40.037
30.64
31.064
28.927
28.457
26.836
27.571
28.87
27.625
27.976
34.104
27.848
30.259
28.014
28.878
27.473
28.745
28.574
26.397
89.62
31.781
30.514
29.979
32.101
36.517
81.481
29.61
28.045
27.744
26.859
29.923
31.523
26.956
29.628
30.149
26.805
26.707
29.893
27.805
40.74
30.309
27.859
30.036
27.171
29.107
32.518
29.169
33.04
30.51
26.578
33.397
27.979
47.589
27.745
27.464
26.096
28.353
27.632
29.329
29.783
28.244
29.169
33.366
27.488
30.705
29.412
29.567
29.879
28.641
26.281
26.056
25.208
24.976
27.94
27.65
27.277
26.566
27.477
29.888
28.828
29.004
28.118
30.312
30.537
31.335
29.439
27.0
25.86
26.393
28.035
31.767
28.95
29.61
28.044
31.663
26.888
32.235
27.458
26.588
29.365
29.685
31.999
25.931
28.152
25.927
27.659
29.422
28.154
53.048
37.31
29.662
27.496
29.131
28.202
29.342
30.724
28.775
27.372
28.012
27.782
34.667
33.547
28.999
31.292
30.688
29.956
28.717
29.038
29.93
25.29
31.616
38.51
26.973
28.289
35.807
29.175
27.69
29.902
30.75
29.313
36.826
31.572
25.522
28.073
25.165
26.071
99.593
29.168
29.518
26.744
27.853
29.39
27.595
28.457
35.977
27.879
31.47
33.573
33.144
29.806
27.106
28.531
31.109
28.346
28.582
37.986
30.51
28.434
29.889
27.418
36.259
28.419
27.318
26.892
29.642
29.079
30.617
29.261
52.211
43.249
28.127
28.03
54.315
31.511
28.649
30.132
26.673
27.219
29.189
32.087
28.71
34.419
28.192
32.241
28.51
30.54
31.099
30.131
28.339
32.343
33.615
28.28
29.392
37.383
29.925
50.654
27.556
28.212
30.067
31.303
27.269
34.668
32.419
27.469
28.815
27.596
28.777
30.769
30.603
42.397
30.124
29.133
28.209
27.892
26.367
30.504
41.903
32.102
27.241
27.361
27.773
29.993
29.181
29.82
30.535
28.274
29.442
28.381
28.496
29.687
28.095
26.914
29.158
28.564
31.102
31.196
29.952
29.542
29.783
32.794
30.17
30.311
28.536
28.038
29.07
25.426
25.917
29.082
31.894
36.699
28.233
26.474
26.816
29.575
28.036
29.84
28.731
30.239
27.121
26.345
28.643
28.516
29.235
39.46
27.853
30.676
27.496
28.996
28.457
29.007
29.793
28.859
30.286
27.079
27.276
26.296
30.679
26.537
26.408
30.054
31.462
28.297
28.601
29.113
29.994
27.12
30.692
27.845
30.198
28.882
28.065
30.943
30.008
27.5
27.142
28.842
27.679
26.763
27.988
31.464
29.892
29.157
29.623
30.592
29.629
27.729
27.701
33.923
28.514
29.126
28.597
29.605
27.62
27.887
30.246
27.2
27.064
27.055
27.901
27.548
27.278
27.425
31.982
29.622
28.346
29.191
30.614
29.114
27.304
28.945
27.281
28.122
30.259
30.722
28.495
29.777
28.797
27.671
29.725
29.061
26.353
26.251
25.872
31.494
31.838
30.253
29.14
30.061
31.882
31.315
30.142
30.494
30.592
29.027
30.735
31.661
28.408
28.59
25.242
27.377
28.374
30.61
30.214
28.182
29.46
28.648
31.012
30.464
28.008
28.148
31.184
28.452
30.63
30.056
30.852
30.331
29.543
30.388
29.048
29.188
29.969
29.268
28.827
30.457
31.093
31.163
31.325
29.997
31.205
29.813
30.832
30.685
28.222
29.428
28.819
28.026
28.217
26.817
31.0
32.435
30.233
27.875
29.117
27.0
26.897
31.601
30.391
30.051
27.179
27.894
27.85
26.654
29.525
31.237
29.261
27.805
26.349
28.405
29.855
30.16
28.433
28.421
29.067
29.37
