390.157
77.9
12.932
72.502
114.134
15.803
14.525
23.18
89.273
86.058
43.846
29.378
56.952
30.053
49.125
10.286
40.405
38.061
23.44
36.619
26.758
59.119
51.952
29.365
26.681
43.469
13.783
12.918
38.244
13.26
107.999
68.329
60.581
13.027
73.595
36.927
28.585
14.967
59.865
19.956
16.611
20.187
48.963
8.69
37.067
20.805
13.789
44.226
36.247
22.681
30.804
11.47
22.665
54.267
12.176
22.616
35.219
36.601
11.787
43.525
16.588
18.622
11.528
14.941
10.369
53.182
169.049
30.013
13.596
15.729
31.538
30.489
10.634
130.608
28.952
11.576
32.822
34.058
28.415
65.634
13.677
112.379
10.129
29.952
32.717
98.349
16.404
21.483
14.559
23.288
49.184
11.844
44.742
17.783
11.416
15.589
12.973
10.895
15.698
12.258
14.404
21.022
53.97
41.069
26.571
40.881
10.745
49.391
52.796
25.191
11.829
99.584
11.272
18.429
20.674
14.349
18.549
11.687
15.866
21.586
10.502
12.056
17.894
40.022
18.101
26.205
10.982
11.239
11.941
10.923
13.789
13.72
11.578
18.443
15.644
14.399
13.594
374.108
18.905
12.149
32.188
80.344
18.591
23.408
29.35
24.918
52.676
10.241
10.635
13.944
13.547
84.765
45.095
32.078
23.904
12.463
63.2
36.609
37.02
30.916
35.997
16.109
47.208
10.296
27.437
38.56
52.438
39.56
10.949
32.251
30.474
68.781
97.861
56.19
60.91
60.484
21.348
61.417
28.292
23.748
16.031
76.825
12.792
20.55
11.596
10.21
38.572
26.853
16.811
14.699
18.549
29.17
15.374
11.599
15.122
13.722
12.983
15.356
28.648
32.221
22.208
14.687
17.393
44.663
15.127
15.352
90.993
11.973
10.776
11.752
10.781
11.788
12.753
10.599
11.846
11.411
13.063
47.297
14.643
15.423
17.953
230.518
16.343
12.951
16.834
90.375
11.639
11.612
19.507
31.048
13.037
37.051
15.162
16.415
57.028
15.354
14.859
11.464
15.509
15.906
10.351
39.589
24.276
9.346
17.53
13.388
62.278
22.26
19.987
13.374
27.165
24.831
42.084
46.362
11.424
10.426
13.136
10.522
9.405
9.358
13.483
13.544
20.04
21.857
16.722
9.999
13.506
16.454
36.532
16.035
30.245
23.257
81.309
10.642
37.03
31.081
16.955
17.977
11.25
54.928
13.769
15.73
32.731
12.759
15.712
19.737
12.93
15.746
13.026
13.243
10.077
38.27
22.526
28.106
20.536
12.002
12.651
19.958
14.054
13.416
41.261
25.606
9.811
16.011
12.415
14.799
10.087
16.024
15.489
11.261
12.177
9.98
19.776
37.806
9.14
43.379
24.568
10.46
10.657
11.589
18.442
22.735
9.633
29.042
14.392
11.092
13.655
9.005
13.84
10.502
19.376
12.672
88.961
34.992
9.601
23.893
25.386
56.669
98.986
10.954
10.537
12.029
16.465
10.579
15.766
12.475
13.742
17.613
10.38
16.732
28.365
11.499
75.417
17.773
11.039
16.236
15.683
15.92
27.797
10.236
13.915
30.387
13.557
42.515
27.874
42.193
11.318
9.145
17.052
10.986
15.74
26.074
15.975
17.86
13.162
34.152
14.798
26.494
12.496
19.751
9.55
10.807
19.477
11.334
10.261
11.469
10.056
13.431
10.636
21.94
17.009
9.471
10.957
12.58
14.561
23.8
15.053
25.312
17.966
10.814
9.33
9.062
10.022
40.753
17.612
17.233
16.903
17.534
11.321
31.809
9.801
12.286
11.412
20.659
21.338
16.138
16.547
15.803
9.818
12.539
9.476
47.039
57.495
16.579
9.971
10.231
16.243
16.706
9.337
10.431
10.103
11.057
10.653
29.798
51.116
10.688
20.021
10.593
18.242
12.157
20.716
14.51
14.482
13.979
40.923
23.589
14.848
31.235
15.171
10.985
21.381
27.197
10.621
32.694
24.358
10.327
17.702
9.073
9.537
128.834
19.52
10.311
9.403
10.945
11.661
12.897
13.866
30.153
14.064
16.365
26.812
27.945
9.867
13.995
11.809
24.11
11.563
9.257
29.788
28.25
9.203
12.768
10.486
40.789
14.963
10.079
19.541
18.787
11.651
15.474
10.109
65.735
29.919
10.116
13.443
63.357
14.623
9.584
11.524
11.241
12.375
9.914
27.955
13.663
27.756
10.403
14.187
8.68
19.021
10.667
14.053
15.863
11.644
37.409
9.35
10.597
26.889
21.996
65.104
16.94
19.48
20.552
24.428
9.967
25.387
22.34
10.506
11.197
9.971
10.53
13.008
17.323
50.334
12.189
9.129
16.407
14.522
10.364
20.4
38.17
30.582
29.555
11.581
17.348
13.965
14.754
21.233
10.565
11.554
20.17
11.31
10.85
10.731
19.012
9.646
9.025
12.057
21.459
8.779
10.346
11.637
19.395
25.796
9.736
14.433
13.88
10.784
10.827
10.61
17.773
12.221
17.03
26.629
13.595
8.486
10.328
12.019
12.76
13.071
15.911
12.458
10.026
10.729
9.303
9.568
15.557
47.788
9.447
18.533
10.319
9.295
12.679
12.205
20.593
19.374
12.184
10.267
13.653
13.116
11.667
9.574
11.635
10.281
16.678
15.093
10.543
10.914
20.398
12.561
11.552
10.329
9.289
9.792
9.79
15.736
10.319
10.011
10.033
9.296
9.726
10.309
10.715
26.957
21.191
12.137
13.52
23.619
19.429
9.627
18.442
43.406
11.632
10.368
13.678
9.343
10.576
9.224
14.113
13.152
10.636
10.263
17.209
12.366
9.667
8.973
16.376
16.273
16.019
16.775
18.573
10.349
14.293
13.286
8.825
10.661
17.656
10.744
13.12
14.147
9.549
10.0
15.876
20.798
9.808
10.585
10.687
47.291
16.809
14.744
15.838
15.048
10.954
21.348
16.439
25.595
26.809
10.277
11.217
11.92
8.895
13.525
10.854
9.753
13.632
13.27
14.34
10.662
10.508
9.24
9.391
10.541
11.3
9.57
15.867
12.959
14.861
14.255
17.696
9.412
11.916
9.798
9.119
9.466
10.009
11.488
9.92
12.368
10.416
9.676
13.623
17.51
11.172
8.626
9.601
10.918
9.141
9.062
9.05
11.432
12.202
10.378
12.22
24.175
9.862
10.242
8.746
9.522
10.873
9.443
9.607
9.565
9.582
19.795
10.507
9.84
9.572
10.161
9.62
8.803
8.877
9.612
8.806
11.151
10.646
11.518
9.384
