84.271
21.173
36.662
247.546
85.349
164.054
80.602
49.308
196.483
138.973
112.275
171.594
66.701
144.709
54.45
42.951
58.105
59.73
37.787
110.875
63.131
80.5
322.776
89.614
113.284
22.672
152.555
73.799
52.609
26.838
22.473
46.075
85.352
28.345
24.94
34.798
122.915
53.204
37.283
90.38
23.622
96.541
27.603
24.73
35.79
66.05
38.257
102.939
51.548
42.208
31.58
30.386
46.888
95.272
18.839
99.94
94.696
18.258
53.158
80.188
27.787
23.563
34.903
20.916
86.233
36.679
19.477
19.75
41.284
43.926
20.078
99.838
25.858
19.73
37.87
29.435
21.604
19.585
23.208
52.464
39.43
68.756
52.087
78.194
31.333
23.742
20.9
22.353
49.066
20.768
79.134
33.076
25.332
23.325
48.518
41.462
96.111
50.829
76.17
22.953
95.889
33.784
63.426
20.357
44.01
100.366
38.693
82.882
32.032
44.866
111.381
47.554
65.801
19.895
45.895
28.785
55.062
63.398
124.236
26.959
19.916
19.906
29.292
20.044
38.976
68.885
51.655
19.481
55.619
69.776
62.466
18.59
24.501
19.93
31.486
20.207
29.981
106.735
27.058
37.311
58.119
70.886
93.787
64.658
22.683
25.467
38.142
24.298
23.095
76.841
20.266
19.82
56.276
51.732
19.476
22.211
19.702
24.123
19.338
46.88
28.882
32.885
19.774
27.016
19.077
26.479
44.831
19.91
25.298
21.247
26.778
55.307
72.47
34.205
51.687
77.555
19.312
30.88
31.58
53.755
31.58
19.596
29.394
60.687
64.8
28.66
23.835
19.356
19.437
29.038
28.403
32.433
35.965
22.856
82.682
20.308
20.514
73.714
20.349
22.592
18.82
42.134
18.781
25.653
19.147
21.396
39.927
20.02
20.995
19.191
20.028
28.654
20.484
28.607
23.147
20.097
18.012
20.044
19.172
18.482
28.486
117.303
19.506
