108.637
35.824
25.603
35.823
62.036
27.156
23.808
23.378
33.271
51.945
33.529
32.565
34.331
25.109
31.937
24.076
29.533
27.36
24.66
30.097
27.67
41.603
36.099
29.154
30.316
35.439
26.963
26.531
30.533
24.94
98.439
38.522
42.75
32.526
37.787
30.725
26.789
26.199
35.301
25.052
25.952
30.22
33.104
28.001
32.187
28.504
26.418
31.988
28.081
27.402
30.075
28.269
28.476
32.039
27.38
31.9
29.873
30.145
25.647
32.197
25.859
27.158
30.332
27.322
26.636
33.712
88.699
34.981
28.724
29.896
32.052
26.926
26.022
87.958
27.332
29.43
31.959
33.379
31.489
35.746
27.86
57.019
28.46
29.986
30.711
60.573
26.702
30.376
28.817
30.181
31.901
25.843
29.118
26.967
27.5
29.105
30.9
28.089
28.221
26.801
28.117
26.299
34.168
31.074
29.048
32.311
26.327
39.215
46.28
30.362
27.637
35.174
27.282
27.677
28.948
28.962
29.162
31.716
29.436
28.627
27.416
25.569
28.117
32.61
29.579
27.219
28.319
29.508
28.113
25.757
26.645
29.964
30.196
26.306
28.602
28.009
26.894
252.053
26.846
26.276
29.738
48.045
26.301
26.367
27.456
30.633
29.224
27.02
27.539
26.507
27.462
44.088
33.535
30.829
28.237
26.887
52.085
32.71
31.031
30.063
33.312
27.153
42.272
26.336
29.926
41.093
35.681
37.184
27.865
30.658
33.483
45.518
66.495
39.704
33.723
32.241
29.302
45.29
30.877
28.549
26.882
40.257
29.769
28.61
28.801
28.153
27.828
31.969
27.066
27.967
28.757
27.463
25.903
27.409
27.13
26.127
26.01
31.813
28.657
27.053
29.293
28.406
28.845
36.535
30.356
27.071
46.334
26.792
28.357
26.827
28.329
27.41
29.255
26.562
28.574
26.927
28.467
32.662
28.898
27.284
27.736
151.982
27.893
27.328
26.97
54.774
25.833
25.519
27.495
29.405
29.311
28.905
27.627
27.841
36.927
29.694
28.404
28.383
27.861
28.179
28.679
31.12
30.019
28.266
28.985
26.722
36.357
30.524
28.143
27.661
31.989
28.925
32.616
33.554
29.899
27.407
27.319
30.268
27.253
28.64
28.49
27.534
28.905
28.67
28.149
27.252
25.67
27.239
29.727
29.267
29.708
28.65
34.906
29.649
37.636
32.49
28.312
30.058
27.347
34.923
29.189
28.588
32.456
29.224
30.241
27.679
27.455
28.769
29.97
28.509
26.775
37.655
28.892
27.736
28.528
30.404
27.661
28.763
28.72
28.815
27.772
29.36
26.115
29.375
30.814
28.652
27.323
28.671
30.469
29.713
28.015
28.477
29.207
30.24
28.425
31.572
30.372
28.37
27.907
30.761
29.782
26.688
29.135
31.835
28.907
29.819
28.039
26.163
28.777
28.095
27.732
28.683
71.151
31.863
28.479
30.339
31.186
34.857
57.374
27.935
29.321
28.364
29.076
28.285
27.438
26.351
30.194
29.619
28.013
29.729
30.159
27.152
36.629
28.957
27.153
27.615
28.833
30.849
29.113
27.177
31.278
29.993
27.904
32.645
30.064
40.057
28.572
28.865
27.601
28.713
29.127
28.596
26.438
27.596
25.379
31.346
27.383
28.951
29.064
25.321
28.156
28.66
28.081
29.68
28.422
29.707
27.276
27.692
28.801
29.476
27.614
27.938
28.737
26.127
27.583
29.293
25.755
29.455
29.55
28.172
27.613
26.737
27.04
31.115
28.12
30.274
28.252
28.631
26.859
29.023
28.71
29.209
27.951
27.158
30.586
29.117
28.181
27.849
28.647
28.082
28.681
39.781
34.87
27.434
27.259
30.203
27.707
29.155
29.052
28.295
28.232
28.34
29.169
30.409
33.603
29.134
28.012
28.807
28.376
26.277
28.533
27.569
26.891
28.452
37.305
30.042
28.715
33.168
29.697
27.58
31.138
32.314
26.814
29.289
31.294
26.63
28.138
27.554
29.069
77.884
27.735
29.253
29.122
29.481
30.582
28.449
25.953
32.8
29.496
28.948
29.815
33.07
29.229
29.443
29.219
30.601
29.967
28.409
33.817
28.493
26.158
30.26
29.475
34.472
27.805
27.191
29.665
31.023
28.551
26.386
27.423
42.781
34.457
28.593
28.168
46.736
28.263
27.173
28.832
29.286
28.361
28.451
33.096
31.83
30.664
29.608
28.752
25.865
26.523
29.695
29.174
27.6
29.286
33.11
27.834
28.404
35.731
29.002
47.254
28.534
30.211
28.528
30.286
28.504
31.687
32.853
28.852
31.114
27.467
28.63
26.031
27.293
37.461
27.229
28.235
27.816
29.592
28.795
31.003
35.27
31.339
31.509
28.389
29.873
28.698
29.162
28.83
26.798
28.679
31.258
29.487
28.729
26.383
27.069
29.253
27.26
28.719
29.161
25.729
26.979
28.398
27.375
31.676
28.851
29.307
28.999
29.646
32.047
29.375
29.061
29.423
29.917
31.479
28.673
26.765
27.359
27.98
26.0
28.957
30.254
29.279
28.274
27.369
26.734
27.982
29.512
33.3
28.991
27.789
27.643
28.459
29.56
26.62
32.879
27.751
29.35
28.739
29.107
29.008
30.207
25.874
28.139
28.413
29.487
28.469
28.77
26.511
29.07
28.422
28.361
30.218
30.45
27.885
27.213
27.282
29.955
28.03
29.237
27.062
28.27
28.789
28.908
29.262
30.358
29.714
29.897
29.013
30.157
27.375
28.825
30.684
27.233
26.387
29.81
28.68
28.878
28.951
29.044
26.373
26.058
26.832
26.966
27.891
27.873
28.478
28.973
27.449
29.028
28.895
29.516
28.558
28.152
29.313
27.335
28.551
30.17
27.936
27.958
30.159
31.003
28.07
29.498
31.145
27.69
27.668
29.875
31.923
30.084
28.592
29.821
29.423
27.41
29.327
28.774
31.648
30.044
26.963
28.219
32.168
28.714
28.322
29.588
26.946
30.793
31.633
26.402
26.938
28.215
27.631
27.634
29.275
26.956
24.578
26.629
28.186
29.498
28.81
28.6
27.605
27.902
28.8
25.031
25.801
26.233
29.439
26.138
31.337
28.719
30.831
29.838
30.08
28.039
28.254
25.612
24.597
26.34
26.999
28.289
28.976
27.606
27.883
27.447
29.901
26.639
25.093
24.925
27.269
26.317
26.603
28.307
25.777
27.18
30.423
28.563
27.759
27.329
28.09
27.226
27.167
27.23
27.636
29.161
27.549
27.628
28.526
27.625
