54.149
99.72
167.689
13.792
12.531
16.678
24.681
124.05
79.577
9.069
11.234
18.106
324.32
45.628
49.232
26.382
10.143
20.717
127.902
10.573
71.764
8.636
36.928
17.059
21.354
103.344
36.928
25.61
26.552
38.944
32.867
35.773
16.076
8.136
58.96
73.691
29.447
17.964
28.742
27.185
60.439
61.057
15.653
18.514
37.093
30.447
46.516
285.673
292.27
34.368
24.953
32.158
19.98
25.119
19.556
31.73
17.752
16.111
41.328
24.844
25.477
10.918
12.869
34.985
15.91
24.482
45.354
61.069
46.594
25.275
10.119
12.094
47.083
325.053
28.279
28.815
29.467
10.277
13.323
44.469
10.424
13.3
13.211
121.38
22.348
91.424
22.835
103.982
65.184
18.63
11.371
27.302
13.306
28.928
19.505
10.727
18.401
11.087
9.994
106.196
21.591
10.717
18.978
28.814
28.789
19.911
23.436
22.297
35.531
17.605
11.189
27.256
70.719
10.435
15.558
17.837
35.199
10.944
32.382
28.044
14.79
20.853
34.15
56.89
18.804
40.96
23.963
34.961
47.362
30.108
9.471
26.051
45.028
27.915
42.933
18.291
10.501
8.876
8.937
43.331
25.276
23.212
10.056
9.392
29.736
18.839
18.159
10.958
12.297
30.036
12.957
18.471
48.924
8.05
48.116
103.382
61.374
21.951
11.419
7.788
35.083
11.04
23.874
36.797
23.698
24.048
32.695
13.024
38.806
30.206
28.121
18.837
19.42
30.069
49.984
42.92
11.883
24.67
27.815
15.414
35.337
35.09
24.945
33.204
17.81
28.266
36.267
45.737
29.356
8.78
49.53
26.755
53.94
11.888
21.854
91.332
47.204
41.734
36.217
23.332
22.93
35.193
44.076
30.416
98.977
34.183
42.487
45.736
52.646
16.424
22.432
16.788
40.715
27.502
9.678
19.05
28.067
29.115
20.633
13.74
12.401
11.889
13.83
9.001
40.189
13.978
19.373
27.02
33.347
17.196
9.068
12.344
13.132
18.283
8.339
8.425
8.743
11.951
9.643
13.392
153.603
9.684
13.818
11.362
16.748
10.105
10.607
9.62
21.284
18.983
28.099
8.771
10.98
10.355
12.439
10.027
9.478
49.958
20.112
10.688
11.87
9.512
21.377
28.769
14.957
13.284
10.565
11.443
27.045
17.367
15.406
12.682
28.109
10.976
9.026
8.878
8.718
8.527
13.444
50.397
47.503
49.914
28.373
10.525
24.222
12.181
10.67
26.188
11.264
10.277
8.879
14.778
16.218
11.781
11.423
11.27
13.949
12.372
8.37
8.367
9.999
27.343
9.334
9.028
34.552
78.265
8.279
15.158
31.11
8.984
12.903
16.71
26.079
55.985
9.587
11.856
10.873
9.111
23.715
12.499
23.699
53.401
18.767
36.548
8.102
18.712
14.849
23.859
20.019
33.683
16.59
33.611
8.909
16.327
13.825
17.036
30.01
21.432
7.705
13.924
9.159
32.709
21.833
12.523
8.397
22.18
33.412
8.032
10.801
10.251
21.756
18.528
23.444
8.763
19.724
12.363
13.133
11.118
17.21
23.896
22.041
10.5
11.461
8.074
10.847
10.484
20.156
14.302
44.116
7.728
40.522
9.211
22.723
7.977
10.945
15.496
25.607
31.751
8.389
9.481
41.248
16.424
78.508
16.067
25.174
17.604
20.017
9.616
9.21
10.215
17.131
10.071
18.188
10.408
23.93
7.8
13.756
8.904
9.482
9.704
17.265
33.0
10.487
8.595
11.387
10.149
8.977
12.978
10.753
12.328
14.755
28.885
8.874
26.214
12.482
13.037
27.454
21.097
14.118
16.233
9.736
7.626
10.177
10.085
13.038
9.158
8.582
8.334
8.942
8.768
9.55
9.795
10.913
7.944
8.266
16.096
9.698
9.298
17.328
26.301
8.66
37.399
24.837
8.817
15.411
23.041
10.053
12.05
14.066
14.982
8.181
10.628
9.126
10.756
17.465
21.714
8.382
8.537
8.615
7.933
9.313
8.33
19.82
12.986
10.744
18.076
21.23
7.858
8.498
8.842
15.63
12.183
8.467
11.975
14.545
9.15
10.778
11.628
16.243
8.215
8.422
9.172
8.327
20.655
20.712
12.942
19.639
26.7
12.072
14.133
9.878
11.128
11.279
27.551
16.611
8.068
7.811
9.185
12.253
8.732
8.332
13.899
8.922
8.436
9.306
8.926
7.87
11.736
9.263
7.599
19.861
8.299
8.583
8.984
11.451
43.915
10.353
9.946
13.254
49.721
12.597
15.725
8.955
10.51
24.349
24.62
39.747
14.847
16.629
41.738
8.015
12.835
16.176
18.823
9.371
22.88
19.743
18.66
21.842
8.569
10.011
16.468
33.046
13.691
10.805
11.85
8.366
24.633
8.581
26.404
9.47
9.661
29.885
12.045
11.247
15.944
9.03
12.131
9.13
13.203
26.68
103.561
8.963
15.081
44.298
55.571
16.203
10.125
10.446
18.127
22.05
8.226
36.672
9.823
32.6
8.707
10.406
8.201
10.477
9.887
12.875
9.908
26.491
8.678
16.86
41.252
9.456
9.094
8.715
9.708
14.391
9.053
9.448
23.567
11.944
29.035
18.511
17.917
9.452
9.434
9.304
38.278
26.736
9.474
10.018
24.156
13.53
12.318
16.966
16.76
21.361
9.208
17.117
11.501
7.825
9.46
8.097
13.007
8.688
8.234
9.885
13.678
10.309
14.86
10.612
17.044
9.521
14.65
26.884
9.786
9.953
9.106
7.533
8.1
9.618
14.342
17.933
8.669
17.702
14.575
8.528
14.627
31.788
9.867
21.817
8.992
20.257
9.29
11.008
8.525
8.743
17.606
7.63
34.728
8.208
8.067
9.564
26.308
9.907
17.448
9.587
10.376
15.252
10.731
8.907
16.609
9.363
16.147
9.899
12.439
9.786
7.527
8.498
23.246
31.767
10.32
10.703
15.999
8.007
8.523
8.864
8.033
8.806
14.866
10.433
9.56
8.741
8.814
9.964
8.544
11.717
10.645
9.974
10.808
8.867
35.484
9.237
58.583
8.616
15.944
15.689
26.546
8.779
23.616
8.07
8.684
13.128
27.561
19.632
12.217
8.238
15.486
9.182
9.433
10.582
12.989
12.392
11.127
11.189
9.473
8.505
9.33
12.03
20.399
14.562
8.646
8.621
9.3
8.377
18.705
13.385
9.021
18.047
8.394
9.403
14.707
11.072
8.357
18.693
20.754
7.951
10.418
16.558
9.091
9.695
24.694
8.25
8.761
12.816
8.036
7.935
8.919
13.491
9.297
9.944
10.509
7.728
11.28
8.392
9.285
8.441
8.645
13.465
7.657
10.307
8.114
41.611
8.63
8.408
8.763
8.802
8.941
22.503
13.023
9.286
10.796
12.93
12.677
8.271
7.688
8.49
9.097
8.468
8.647
8.67
7.797
11.489
11.236
8.295
7.894
8.764
8.672
7.819
7.559
8.413
8.177
7.771
18.355
7.639
7.699
8.28
8.504
7.254
7.889
12.972
8.196
19.23
15.812
10.671
7.672
7.942
17.468
9.764
8.436
19.888
18.585
9.894
10.172
7.821
7.542
12.515
9.403
7.557
9.28
21.322
7.345
10.209
8.59
7.622
8.624
