49.615
76.827
200.739
28.189
26.328
29.908
40.268
165.918
60.615
28.054
26.891
28.814
458.381
38.378
41.892
28.714
29.744
31.015
67.643
29.922
37.773
26.761
33.502
28.532
26.961
103.743
32.943
30.489
33.354
39.134
35.836
44.489
28.326
27.893
54.3
67.069
39.492
29.742
29.835
30.283
47.412
51.664
29.207
26.567
32.225
31.342
42.202
345.476
358.519
35.343
32.488
37.088
28.075
30.739
31.828
32.976
26.748
31.088
50.661
27.952
30.096
27.745
26.568
36.655
28.249
32.852
37.925
53.251
31.93
29.656
28.054
30.916
43.16
334.823
34.554
32.299
31.957
27.677
27.74
43.515
29.795
27.856
30.099
210.781
37.188
77.692
31.724
125.037
44.2
29.967
27.301
31.365
30.031
37.05
31.958
29.707
30.281
29.585
30.118
94.805
28.38
26.129
28.763
31.501
35.265
30.027
31.284
36.602
33.218
27.657
27.776
32.611
124.06
27.342
29.822
30.761
35.829
29.229
32.316
36.215
27.575
31.564
38.116
63.501
30.01
40.773
29.502
42.088
72.462
38.927
26.036
28.169
68.866
35.309
37.457
30.412
28.588
28.323
27.181
52.011
30.851
31.529
29.394
29.947
36.644
32.224
29.96
27.904
27.992
29.422
29.445
29.872
48.93
27.129
41.397
111.055
59.362
31.139
27.105
28.756
34.077
28.149
32.343
49.191
29.54
33.614
37.473
28.517
38.795
39.198
32.279
32.386
28.688
32.546
54.307
50.467
31.494
34.229
30.865
30.307
38.021
36.678
32.155
45.657
26.892
31.856
43.786
46.879
37.615
27.654
44.909
31.41
73.777
27.954
30.938
85.391
35.004
45.565
40.386
35.298
30.405
35.8
43.505
32.918
106.769
35.643
43.957
41.963
40.24
27.922
30.438
28.723
41.395
35.355
26.785
30.778
32.902
40.439
31.756
32.592
29.168
27.541
27.357
27.035
34.792
29.156
26.846
30.964
43.056
29.391
26.673
25.91
26.114
30.476
29.398
28.068
28.648
30.424
29.168
30.225
293.307
29.221
31.3
28.244
30.733
31.277
29.472
29.535
27.353
29.018
32.776
27.56
26.674
29.22
30.389
30.668
29.65
60.511
29.909
28.667
30.063
29.592
31.649
33.893
26.793
26.236
25.895
28.755
38.44
29.258
28.743
27.103
32.449
28.29
28.019
27.82
26.108
27.951
28.345
43.987
35.144
55.654
29.039
26.751
31.291
26.552
27.329
32.786
25.673
30.505
28.049
30.958
27.545
26.828
28.933
27.438
27.567
26.763
28.689
29.802
28.32
37.623
30.767
27.169
39.523
87.501
25.076
26.554
29.467
27.406
26.83
29.738
32.663
47.827
27.149
28.952
29.391
27.212
31.216
28.98
31.432
41.459
27.0
43.782
26.478
28.943
29.56
37.29
33.368
62.903
28.537
50.229
27.499
24.882
30.03
30.264
33.681
31.388
25.741
29.39
27.307
36.315
29.886
27.666
29.528
31.324
38.841
26.586
26.904
29.023
28.416
30.109
31.601
27.963
30.642
29.335
28.005
27.255
30.25
30.935
32.009
27.153
26.998
26.298
28.279
26.939
28.194
25.864
58.276
27.678
45.291
27.578
30.49
27.797
26.27
28.772
36.737
36.059
27.828
29.891
43.037
29.138
102.58
30.732
32.065
30.027
31.109
27.366
25.963
26.905
29.178
29.385
30.086
31.795
29.097
27.034
28.988
26.166
28.881
27.255
27.14
39.046
28.044
27.866
29.03
29.099
26.868
29.536
28.879
31.604
29.352
30.505
27.68
30.446
28.548
27.073
33.498
30.949
27.579
28.804
26.633
26.433
31.36
29.708
26.88
29.056
28.863
25.965
25.989
27.458
28.847
27.514
26.88
28.208
26.98
31.778
26.96
29.093
30.72
31.386
26.78
37.213
33.01
27.829
27.239
30.866
29.291
27.713
27.352
30.682
29.936
28.533
27.33
29.401
31.185
29.804
28.385
30.245
26.91
27.987
28.21
26.464
31.832
28.985
29.912
28.8
28.452
25.848
27.362
29.689
28.848
29.11
28.912
30.045
28.827
27.486
29.843
28.818
29.475
26.894
26.919
28.27
28.434
29.43
34.777
28.333
29.963
34.325
28.198
27.401
28.791
28.92
29.313
31.233
28.783
26.24
29.278
28.522
28.508
26.785
27.574
29.862
27.95
27.748
27.82
28.507
27.732
28.736
26.454
25.801
27.659
25.726
26.995
28.558
29.856
52.335
27.985
30.107
30.68
64.944
30.332
30.21
31.801
28.757
30.839
32.011
36.748
29.867
29.191
40.696
28.795
29.506
30.334
29.732
28.448
28.896
31.364
30.155
37.708
30.884
29.011
30.277
38.009
31.627
30.983
29.746
28.492
33.739
30.172
35.82
29.849
27.566
39.588
32.25
28.999
28.636
30.395
32.32
29.151
31.177
32.867
70.622
31.907
31.407
48.116
56.375
29.431
28.471
30.463
33.156
33.617
29.285
37.792
30.062
40.701
28.096
28.439
26.21
27.227
29.129
28.884
27.548
31.317
29.133
30.337
29.631
27.145
23.351
26.202
28.294
29.121
31.696
30.63
32.534
30.285
33.077
29.933
29.323
29.48
26.637
28.695
32.203
32.122
31.566
28.505
29.447
28.687
29.213
28.893
30.31
33.406
30.266
27.923
28.242
31.779
31.1
28.788
29.071
30.748
26.975
32.539
31.401
31.096
31.766
31.852
29.755
31.905
31.198
32.337
27.019
31.549
31.037
29.688
28.51
28.054
30.677
29.32
32.621
30.042
30.057
30.434
29.54
37.152
28.885
30.853
29.869
33.963
30.51
31.414
32.168
32.889
29.952
29.501
29.693
30.479
29.782
30.475
31.421
27.727
30.466
32.213
30.247
30.297
31.07
29.307
29.793
29.732
30.162
29.216
28.434
27.633
30.238
29.086
31.383
31.463
30.773
30.253
30.066
28.61
29.6
28.503
28.762
29.598
31.395
29.259
28.037
28.484
29.393
29.89
30.568
29.983
30.316
29.274
28.968
30.587
33.832
27.974
39.466
28.395
30.644
30.892
30.986
30.183
30.421
30.467
30.462
31.982
37.526
28.598
29.601
28.366
30.229
29.696
30.055
33.685
30.762
29.292
30.135
27.381
29.689
31.207
30.427
28.842
27.441
29.639
33.328
30.399
30.837
29.451
30.866
29.933
29.749
30.107
29.199
29.611
30.333
31.903
28.811
32.511
31.71
29.448
29.946
30.889
29.415
31.082
31.136
29.327
29.224
28.089
31.579
29.212
29.271
30.276
30.916
32.595
29.855
30.293
29.033
29.369
29.217
29.854
28.242
29.058
31.291
29.849
29.953
32.022
30.469
29.845
30.851
28.94
30.552
30.046
30.782
28.123
28.567
29.959
29.158
30.106
30.34
29.792
31.108
31.933
30.15
30.168
29.029
30.114
29.79
31.181
27.788
29.716
30.077
30.014
30.107
29.789
29.595
30.796
29.691
29.628
30.62
28.922
30.879
30.629
30.924
30.257
29.857
31.236
32.066
29.916
29.768
30.179
32.332
29.682
29.496
32.391
33.67
30.391
32.174
27.044
28.915
32.142
30.218
30.64
31.928
29.856
30.756
29.673
31.519
29.834
31.952
