15.259
100.01
204.142
34.728
16.684
173.606
218.546
102.87
75.255
22.604
206.367
44.63
18.162
15.957
33.973
158.689
119.121
28.709
22.027
19.075
19.137
93.959
173.623
51.779
109.971
60.549
62.551
56.916
33.785
61.58
18.382
43.028
28.264
125.772
31.032
18.035
18.616
33.879
53.479
21.612
20.139
83.587
96.812
55.751
16.034
21.902
14.326
54.597
20.159
23.511
159.514
26.093
284.597
20.68
154.71
16.142
19.441
16.245
17.408
112.546
128.618
62.216
33.607
41.611
15.124
41.566
115.96
32.832
16.976
213.373
22.184
22.724
142.167
13.197
139.548
54.453
30.026
17.724
29.392
18.757
118.318
15.906
19.98
60.82
44.953
64.523
52.575
17.316
34.377
14.702
24.827
14.34
12.74
112.588
13.06
11.774
12.833
17.827
20.149
22.479
16.052
16.38
26.95
15.103
50.711
13.48
13.221
32.198
23.091
13.181
113.132
15.219
34.178
31.194
13.824
50.638
12.271
12.927
55.567
31.378
87.952
47.126
47.424
12.654
96.47
13.799
137.886
12.914
21.317
64.824
61.477
24.912
26.492
16.56
106.778
15.626
50.311
15.918
106.905
14.105
141.526
45.823
77.015
13.013
34.8
28.602
16.633
26.723
35.093
38.413
42.824
66.73
34.332
83.553
142.947
35.735
12.839
45.167
14.548
14.639
14.457
95.995
72.203
165.562
133.832
34.061
14.265
14.931
32.582
17.606
14.876
47.337
57.006
20.541
24.83
14.746
12.187
14.113
13.631
67.905
42.948
68.144
35.403
33.132
46.224
88.87
15.648
16.591
16.183
14.336
28.636
15.442
21.371
72.902
15.288
42.791
17.767
101.238
34.82
59.543
27.539
26.096
15.986
15.208
22.349
21.235
87.661
68.29
21.271
39.708
14.336
22.597
39.217
15.79
24.352
29.24
25.375
17.055
13.875
69.809
62.525
95.866
26.864
21.751
14.195
15.998
20.188
39.376
70.267
15.205
16.475
87.165
17.98
16.198
15.01
69.42
17.937
37.574
14.624
24.074
60.793
19.973
19.61
16.598
15.837
16.974
20.436
17.775
35.741
16.272
14.388
16.035
20.073
31.196
16.039
13.905
14.692
16.013
19.325
16.948
13.28
14.337
14.615
16.629
15.99
14.583
17.028
14.7
14.949
17.274
105.381
232.53
15.798
14.636
107.899
15.45
58.102
14.647
290.858
15.36
14.065
28.315
