6.6
71.881
81.911
14.971
5.566
113.743
68.071
38.184
24.715
8.259
72.751
50.276
5.862
5.729
11.919
62.365
45.284
33.69
7.065
10.775
6.7
40.679
73.172
55.111
44.713
16.186
44.492
65.86
49.31
29.075
7.973
13.275
9.345
119.422
10.444
6.817
8.248
55.055
78.467
16.583
6.443
36.453
67.171
26.941
5.345
8.1
4.604
23.106
8.311
8.444
61.787
11.013
71.97
7.102
77.391
5.67
11.99
5.44
5.5
61.717
51.102
29.399
68.683
81.051
5.529
19.906
51.414
45.926
7.205
102.436
9.727
8.235
70.509
5.562
60.984
25.124
12.514
7.547
14.833
9.742
103.497
6.023
9.05
78.893
39.66
39.903
23.43
6.68
22.205
7.195
12.344
6.723
5.331
52.523
6.166
5.244
5.487
20.146
11.083
19.312
7.176
11.602
18.984
6.987
67.952
6.013
5.112
15.316
13.629
5.827
48.242
6.676
17.058
23.576
6.089
65.015
6.181
5.73
22.308
23.648
82.152
36.968
112.046
5.437
52.716
6.254
84.277
5.743
11.033
40.394
47.767
10.853
23.296
7.377
86.79
7.318
33.704
7.321
62.613
6.547
111.302
34.304
55.132
5.78
17.805
20.89
7.202
47.528
17.219
18.44
24.845
37.439
37.788
102.924
300.958
53.387
14.399
22.262
6.558
6.858
7.296
42.834
65.091
66.931
92.194
16.967
5.314
5.478
26.76
6.881
5.277
30.864
30.216
10.307
10.238
5.785
5.067
5.035
5.342
23.729
20.12
73.81
16.081
16.085
56.034
33.537
5.44
5.219
5.778
4.933
12.175
5.086
6.535
53.221
5.641
17.176
5.21
50.133
25.713
18.914
7.851
7.67
5.222
5.27
7.52
8.857
39.65
35.516
8.402
14.583
5.298
8.175
38.108
4.827
7.771
14.542
23.625
6.677
5.178
57.555
23.435
33.364
10.041
7.553
5.04
5.456
6.624
34.976
56.52
5.216
4.784
27.725
6.583
5.457
4.716
62.462
5.37
13.002
5.314
10.608
16.587
8.208
8.342
5.755
5.221
6.469
7.069
6.765
14.468
5.913
5.418
5.061
6.257
11.478
5.612
5.339
4.674
5.949
6.449
5.382
4.727
5.071
5.754
6.037
5.678
5.222
5.985
5.456
5.342
5.953
66.172
58.42
6.033
5.449
35.796
6.749
23.018
6.171
90.677
5.509
5.674
12.056
