40.062
50.477
113.998
26.407
26.988
23.687
31.128
95.754
44.072
27.473
26.419
27.016
228.13
31.133
34.878
28.165
28.373
27.789
50.438
25.33
31.654
26.985
29.526
26.145
26.941
68.51
34.829
30.261
28.766
32.327
32.041
32.929
25.316
24.2
40.884
50.77
29.071
24.387
29.671
27.265
35.385
39.749
30.547
29.59
31.402
31.851
36.383
193.867
201.676
33.998
31.239
32.623
31.373
25.389
25.385
30.149
27.685
23.946
35.501
28.905
31.583
29.208
26.048
33.818
28.197
28.94
35.027
45.15
32.093
28.701
28.691
29.467
36.402
179.888
29.943
29.988
33.821
27.444
26.217
34.761
28.399
28.639
25.958
120.226
33.114
51.216
31.809
80.902
36.533
28.736
26.304
30.755
26.659
32.563
29.659
27.729
25.33
25.588
26.802
27.821
69.097
29.684
28.307
27.963
30.357
31.984
29.909
28.079
28.047
33.394
30.64
27.88
27.439
69.431
25.419
25.641
28.245
32.436
24.092
28.846
27.037
26.237
24.407
31.084
44.874
28.701
31.326
28.278
36.201
57.561
33.222
27.622
27.005
53.132
31.478
32.985
28.22
27.585
25.39
26.711
39.987
30.545
30.125
27.23
29.109
30.913
28.703
26.461
27.184
26.251
31.709
27.699
29.923
36.708
27.62
33.918
70.108
45.354
29.714
27.923
25.76
30.395
27.679
27.198
36.242
27.372
31.071
32.715
25.253
34.151
34.738
33.652
27.103
25.054
31.425
47.84
38.148
28.115
28.658
27.911
27.444
35.079
31.809
29.556
37.227
30.088
29.978
38.189
39.37
36.017
27.298
37.541
29.21
53.941
26.779
25.597
63.283
36.762
37.106
33.19
30.519
27.571
34.155
38.347
31.81
69.039
31.603
34.671
32.048
36.262
27.973
30.263
29.055
34.45
32.992
27.07
28.621
30.554
35.396
30.476
28.945
28.905
28.869
28.227
26.416
33.488
29.703
29.58
30.404
35.012
28.379
28.534
28.752
27.961
30.421
26.907
27.467
27.605
29.028
27.195
28.188
172.566
28.306
27.953
28.444
27.857
29.28
29.152
26.786
28.128
26.976
34.18
26.718
28.538
27.224
29.878
27.651
30.651
45.247
26.635
27.677
29.225
27.465
29.925
31.301
28.715
28.27
26.335
28.286
33.202
30.306
28.157
24.831
31.226
25.416
27.632
28.069
26.812
29.784
28.503
37.698
33.923
46.226
29.405
27.465
30.319
26.167
27.896
30.862
28.196
27.547
26.125
28.291
28.263
26.693
27.668
28.87
27.971
28.09
26.584
26.565
26.885
33.028
25.776
26.545
35.342
58.433
26.869
29.758
28.329
26.187
28.075
27.54
28.087
38.997
30.544
28.14
27.287
27.129
27.978
27.247
31.648
36.778
28.361
38.58
26.154
27.238
28.268
35.135
29.76
45.416
28.98
42.697
26.688
28.318
28.173
29.668
31.245
29.642
27.049
29.803
25.228
33.424
30.646
30.018
27.99
28.792
31.689
28.301
28.231
26.228
27.361
27.629
27.232
27.407
31.44
26.442
30.043
28.699
29.345
30.121
29.39
25.516
26.285
26.909
28.618
28.039
25.73
30.264
45.547
27.213
37.363
27.905
30.421
26.718
26.632
28.625
33.686
32.989
29.904
27.834
36.231
28.503
69.932
28.966
29.335
30.858
30.69
30.498
28.497
28.291
28.676
24.564
27.721
27.429
30.599
27.093
29.551
26.761
30.587
28.915
29.406
34.672
28.039
27.688
26.735
28.593
27.098
31.2
27.337
25.781
27.254
29.087
26.475
30.235
28.059
29.147
29.686
30.238
29.693
26.414
29.036
27.52
27.398
26.73
26.758
28.487
27.47
27.005
27.182
25.968
28.188
28.109
24.762
28.291
27.509
30.229
28.397
27.91
29.567
27.722
26.96
32.497
31.826
27.48
26.562
29.768
27.9
25.948
26.813
28.225
28.511
28.159
28.171
27.703
27.692
29.388
27.613
31.032
27.973
27.606
27.986
29.055
30.93
26.558
26.387
29.224
30.029
28.008
27.327
29.052
28.664
26.113
30.399
28.374
29.2
29.404
27.666
28.425
27.064
31.629
28.851
29.428
28.909
28.061
30.486
28.355
29.081
33.139
29.687
27.707
27.564
27.885
29.919
27.619
29.643
27.055
27.287
27.574
26.996
28.753
26.868
29.8
27.722
28.427
26.79
27.257
28.452
26.233
27.537
27.301
28.805
29.455
27.878
27.918
27.769
45.665
27.476
28.242
28.341
56.204
30.053
28.382
26.893
28.318
29.486
29.593
36.969
27.614
27.892
38.304
27.714
27.65
28.066
30.457
28.29
29.698
30.556
28.798
35.731
29.593
28.064
28.886
32.669
27.788
31.054
27.617
29.823
32.919
27.184
35.89
27.082
27.006
35.994
28.235
29.791
29.573
29.639
26.312
25.543
28.264
34.485
61.113
26.757
29.017
45.338
50.359
28.632
28.926
27.099
30.042
34.592
29.862
41.548
28.056
33.81
27.307
29.021
29.379
27.24
27.959
28.128
28.422
29.716
28.167
28.688
32.522
25.982
29.309
27.898
27.63
27.69
28.55
28.825
31.446
27.437
32.875
29.7
29.161
28.272
27.703
27.738
32.488
34.131
27.255
28.18
29.459
29.087
27.368
31.821
28.154
28.165
25.421
26.406
28.897
26.489
27.775
27.845
28.081
29.533
25.971
28.429
27.091
28.429
30.641
27.537
28.278
30.059
26.252
32.701
28.851
28.867
27.145
30.201
28.026
29.099
27.305
27.155
27.534
28.726
25.312
27.755
29.446
29.602
25.777
29.722
26.616
32.707
28.004
28.151
26.777
26.531
29.091
29.602
30.76
27.764
27.772
26.614
29.9
28.939
27.386
27.507
30.445
28.202
27.91
27.435
25.784
25.518
26.693
28.061
29.955
29.991
26.419
26.11
26.622
27.966
26.301
27.514
27.141
27.652
27.236
27.858
28.618
27.205
28.939
27.458
27.145
27.759
27.647
27.053
27.508
27.325
28.482
28.02
31.406
27.048
32.013
28.643
37.212
26.062
29.473
29.529
30.931
27.961
28.726
29.976
25.804
28.205
33.767
27.139
28.433
27.888
26.957
27.096
28.441
29.788
28.768
26.626
26.939
26.0
26.235
25.537
26.323
30.745
27.88
27.673
26.756
27.424
26.137
28.245
29.284
29.269
27.747
28.563
27.032
25.045
26.092
27.067
26.322
27.867
28.587
25.942
29.343
28.216
25.948
26.555
25.887
25.071
26.705
22.391
27.351
26.202
24.532
27.129
26.615
26.933
30.066
29.366
29.73
26.131
28.184
28.069
27.108
30.766
26.272
26.47
27.214
28.225
26.474
25.609
24.277
25.569
26.714
29.149
25.794
26.319
26.489
29.249
28.935
27.224
27.139
28.932
26.343
24.902
26.251
25.73
26.699
26.309
27.475
31.36
26.886
27.849
26.397
25.332
25.358
27.472
25.713
27.844
26.856
27.09
27.603
29.329
24.691
28.381
25.32
29.268
27.432
29.312
28.79
26.385
26.63
28.475
28.083
28.907
27.999
28.476
32.294
26.492
29.589
28.098
28.405
26.611
26.93
26.26
26.418
29.594
27.012
28.51
27.21
26.998
28.241
