52.352
98.117
164.824
13.69
12.185
16.348
24.914
121.943
80.69
8.235
11.063
18.14
320.833
44.152
48.395
25.721
9.536
21.121
124.879
9.663
70.09
9.204
35.593
16.971
20.427
102.775
36.546
24.708
25.846
37.812
32.613
35.097
15.386
8.207
57.717
72.32
28.544
18.195
27.702
26.381
59.633
60.397
15.235
17.464
36.864
30.129
44.632
281.664
286.873
33.695
24.157
32.147
19.289
23.882
19.65
30.852
16.829
16.357
40.777
24.686
24.697
10.684
12.543
34.322
15.558
24.352
44.735
59.885
45.053
24.547
10.339
11.788
46.214
327.348
29.243
28.921
29.601
10.783
12.735
44.457
10.818
13.214
12.812
120.275
22.676
91.298
22.761
105.037
65.368
17.845
12.022
27.264
12.979
28.291
20.006
10.329
17.669
11.839
9.528
11.144
105.069
21.571
10.845
18.869
28.102
28.439
19.913
23.206
21.771
36.268
17.799
10.562
27.803
71.762
10.203
16.049
17.84
35.106
11.315
31.688
27.597
15.078
20.859
32.96
55.501
18.587
39.3
23.123
35.035
46.484
28.66
10.012
25.659
44.295
28.123
43.701
17.905
10.991
9.686
8.561
43.555
25.794
23.125
10.471
9.474
30.205
18.749
18.704
11.422
12.163
30.644
13.307
17.625
49.919
8.66
48.18
103.388
62.349
21.579
11.382
8.335
35.067
10.616
24.568
37.078
23.112
24.182
32.796
12.195
38.954
30.249
27.157
19.007
19.565
29.385
49.566
43.512
11.092
24.619
28.069
14.981
35.512
35.327
23.993
33.2
18.576
28.013
36.488
46.638
28.638
8.905
50.7
26.524
54.349
12.04
21.902
93.118
48.14
41.166
36.143
24.099
22.831
35.565
44.805
29.353
99.654
34.734
42.263
45.944
52.921
16.198
22.24
16.892
41.123
27.441
9.731
18.839
28.43
28.785
20.47
13.494
12.387
12.006
13.684
8.951
40.134
13.787
19.297
26.86
33.482
17.441
8.925
12.676
13.412
18.541
8.406
8.594
8.982
12.212
9.803
13.614
157.171
9.792
13.957
11.546
16.835
10.275
10.926
9.761
21.479
19.306
28.385
8.719
11.037
10.42
12.744
9.988
9.677
50.173
20.216
10.929
11.891
9.699
21.461
29.101
14.948
13.381
10.881
11.652
27.581
17.67
15.722
12.746
28.518
11.056
9.084
9.02
8.749
8.716
13.497
50.939
48.232
51.414
29.162
10.815
24.889
12.272
10.845
26.574
11.534
10.229
9.178
14.924
16.171
11.658
11.492
11.193
13.795
12.337
8.364
8.45
10.058
27.116
9.521
8.969
33.969
78.084
8.301
15.45
31.695
9.093
13.246
17.109
26.684
56.64
9.896
11.973
11.268
9.385
23.939
12.735
24.096
53.971
18.858
36.847
8.224
18.907
15.011
23.845
20.199
33.838
16.818
33.794
8.902
16.622
13.817
17.085
30.246
21.833
7.84
14.341
9.461
33.102
22.018
12.777
8.608
22.453
34.142
8.233
10.934
10.486
22.244
18.9
24.073
8.884
19.806
12.703
12.848
10.378
17.465
24.12
22.437
10.771
11.662
8.227
11.122
10.55
20.541
14.406
45.034
7.816
41.318
9.308
22.711
8.193
11.047
15.7
25.879
32.463
8.312
9.629
42.321
16.598
79.68
16.077
25.542
17.9
20.274
9.639
9.248
10.265
17.197
10.101
18.283
10.517
24.28
7.908
13.9
9.131
9.448
9.835
17.311
33.275
10.578
8.592
11.541
10.271
9.198
13.103
10.764
12.665
14.98
29.59
9.118
26.178
12.666
13.302
28.032
21.64
14.309
16.427
9.934
7.91
10.243
10.178
13.193
9.482
8.67
8.407
9.061
8.918
9.788
10.019
10.999
8.12
8.305
16.076
10.077
9.495
17.4
26.906
9.005
37.844
25.183
9.164
15.5
23.535
10.441
12.065
14.259
15.205
8.277
10.837
9.368
10.781
17.536
21.781
8.571
8.674
8.877
8.08
9.614
8.566
19.919
13.137
10.933
18.193
21.504
8.095
8.741
8.893
15.585
12.257
8.636
12.081
14.593
9.213
10.866
11.493
16.217
8.336
8.461
9.271
8.432
20.414
20.383
12.699
19.582
26.345
11.98
14.171
9.8
10.939
10.922
27.216
16.366
8.107
7.842
9.24
12.296
8.636
8.347
13.825
9.016
8.422
9.282
8.881
8.016
11.607
9.319
7.607
19.698
8.329
8.53
8.908
11.482
43.432
10.401
9.904
12.953
49.085
12.451
15.831
8.832
10.183
24.156
24.652
39.993
14.683
16.662
42.169
8.246
12.802
16.347
18.598
9.512
23.176
19.537
18.408
21.863
8.592
9.873
16.237
32.495
13.454
10.441
11.57
8.274
24.279
8.468
25.943
9.279
9.5
29.28
11.828
10.884
15.798
8.94
11.849
8.892
12.776
25.94
101.65
8.814
14.689
43.133
54.852
16.142
10.071
10.398
17.88
21.612
8.073
35.946
9.549
32.182
8.724
10.438
8.291
10.476
9.926
12.779
9.949
26.631
8.778
16.79
41.215
9.578
9.117
8.907
9.911
14.392
9.116
9.581
23.442
11.785
28.528
18.205
17.774
9.205
9.253
9.195
38.492
26.517
9.36
9.763
24.25
13.485
12.319
16.989
16.654
21.589
9.359
17.459
11.51
7.97
9.611
8.269
13.108
8.885
8.392
10.061
13.748
10.318
15.229
10.821
17.314
9.571
15.099
27.498
10.168
10.36
9.346
7.737
8.3
9.945
14.677
18.129
8.939
17.896
14.473
8.65
14.443
31.802
9.656
21.807
8.874
20.155
9.19
11.113
8.479
8.699
17.374
7.717
34.822
8.288
8.104
9.582
26.551
10.028
17.312
9.675
10.354
15.158
10.493
8.945
16.746
9.442
16.251
9.79
12.367
9.703
7.519
8.326
23.048
31.647
10.058
10.455
16.044
7.967
8.539
8.797
8.058
8.894
14.881
10.26
9.537
8.8
8.973
10.084
8.696
11.608
10.856
10.01
10.897
9.09
35.883
9.501
59.666
9.002
16.172
15.843
27.219
8.951
24.099
8.139
8.754
13.338
27.599
19.75
12.16
8.231
15.546
9.251
9.392
10.618
13.017
12.358
11.356
11.223
9.393
8.575
9.33
11.988
20.509
14.859
8.622
8.629
9.299
8.628
18.697
13.544
9.017
18.058
8.376
9.333
14.559
10.93
8.362
18.73
20.474
7.845
10.36
16.508
9.051
9.743
24.654
8.274
8.79
12.91
8.106
8.028
8.911
13.382
9.306
9.781
10.542
7.751
11.081
8.327
9.221
8.346
8.743
13.371
7.615
10.224
8.199
40.885
8.504
8.503
8.693
8.861
9.035
22.254
12.851
9.197
10.716
12.639
12.558
8.312
7.829
8.448
9.146
8.439
8.713
8.8
7.965
11.456
11.337
8.476
7.935
9.014
8.811
8.065
7.693
8.713
8.401
7.945
18.554
7.833
7.741
8.569
8.716
7.489
7.977
13.2
8.334
19.549
16.021
10.89
7.79
8.252
17.762
9.853
8.643
20.192
18.693
9.866
10.426
8.056
7.659
12.665
9.506
7.83
9.478
21.592
7.53
10.429
8.9
7.824
8.699
