34.147
35.581
96.826
15.446
72.976
29.659
35.231
11.447
11.537
137.478
20.376
14.663
11.217
42.744
181.756
32.248
74.962
15.922
11.53
15.626
17.915
19.083
9.9
12.836
13.062
23.405
12.375
16.93
43.528
20.892
70.494
19.678
12.197
56.779
29.109
25.722
19.035
12.798
24.761
21.51
28.338
57.034
144.727
12.254
158.368
58.898
16.809
16.23
30.711
110.876
17.305
11.176
14.255
15.447
11.851
17.352
11.495
14.062
46.811
16.489
14.032
14.984
185.24
47.245
21.827
31.058
20.637
16.765
22.23
17.423
10.634
8.574
20.455
14.611
16.523
13.114
54.361
14.617
18.758
14.36
19.493
9.527
62.493
13.5
14.799
26.415
68.518
54.819
8.823
14.741
13.666
10.755
80.034
12.006
12.68
21.985
9.297
16.258
17.923
18.414
27.074
10.489
25.291
34.97
9.813
19.882
16.322
41.28
12.118
12.077
16.576
24.099
14.405
12.082
9.556
18.309
11.873
8.455
11.098
15.849
11.191
10.887
10.217
10.996
158.009
63.248
42.792
29.574
20.385
50.476
38.842
113.579
15.133
24.797
19.99
84.669
35.851
42.38
26.324
25.552
19.862
10.035
8.774
15.842
13.169
42.808
19.348
30.946
7.854
11.028
13.822
8.334
15.757
13.212
21.943
42.44
24.545
8.207
17.762
20.293
21.878
9.204
23.085
14.607
36.385
31.885
15.541
18.569
8.816
55.283
32.355
14.124
18.543
22.638
14.761
19.396
19.625
58.546
46.564
51.667
27.175
14.219
30.389
28.341
11.117
22.974
12.605
16.831
62.256
9.929
13.172
22.447
8.936
42.123
40.433
16.382
8.941
12.799
43.319
19.675
10.472
14.855
8.962
22.25
7.734
9.726
8.726
15.368
25.461
15.377
14.649
15.978
46.901
7.539
19.013
7.993
18.352
9.808
8.67
21.954
10.092
26.158
51.99
25.856
16.921
18.828
12.691
24.764
8.705
16.339
16.871
11.375
45.825
10.157
10.368
18.461
10.928
11.583
26.222
12.023
12.187
11.844
15.893
12.508
16.716
11.616
36.024
11.567
23.284
15.471
9.225
31.108
10.125
13.872
9.182
10.616
17.849
41.116
55.053
15.067
11.575
9.045
10.384
13.591
10.502
14.889
17.117
13.594
17.397
10.355
12.697
15.389
22.294
11.032
17.434
14.976
15.933
15.012
10.868
19.407
16.339
11.311
19.041
9.818
15.583
10.164
32.26
8.409
13.081
32.512
114.713
14.028
10.343
26.233
9.778
8.092
29.796
14.936
8.837
14.79
11.462
102.283
9.715
9.936
11.992
13.152
8.402
8.491
7.763
16.633
8.403
12.291
9.836
10.906
10.501
26.526
9.039
8.551
14.113
8.909
11.454
13.363
9.676
17.092
13.266
14.978
10.946
11.919
18.105
8.012
7.655
15.891
11.65
10.293
16.203
11.594
14.156
10.149
11.162
8.45
8.447
10.994
11.247
14.391
9.909
11.293
8.686
7.981
10.568
10.797
8.571
9.536
9.048
9.754
7.97
8.962
10.759
13.734
11.03
13.21
12.421
13.376
16.147
17.429
15.194
16.756
11.197
13.995
26.532
14.091
13.571
11.015
11.258
7.646
8.761
11.881
13.557
7.926
15.557
8.94
9.315
10.042
11.421
18.304
9.854
8.272
44.843
19.869
32.357
13.605
14.888
18.063
17.21
10.77
23.209
20.446
20.079
38.095
34.775
21.806
18.445
13.047
35.594
10.331
29.784
21.585
11.416
16.34
20.57
11.657
13.1
9.654
12.307
12.471
15.246
22.868
21.658
10.462
11.548
7.866
9.091
7.568
12.309
15.326
13.286
13.825
13.344
17.932
8.752
17.165
17.817
10.325
8.628
23.991
19.375
16.288
10.445
8.246
11.085
8.657
13.675
10.385
13.713
11.112
9.453
8.104
8.361
9.66
11.782
14.965
13.276
8.278
9.312
9.16
8.159
7.51
18.55
12.774
16.161
8.452
10.072
10.84
10.797
8.841
7.491
9.222
7.999
8.274
8.352
10.451
9.335
7.894
16.123
19.847
9.564
7.908
10.96
13.38
7.997
8.231
11.765
8.701
7.511
8.173
8.223
8.444
11.479
13.312
11.594
13.836
14.729
13.123
9.16
8.258
13.881
8.837
10.89
12.202
11.49
7.999
10.817
15.864
14.683
11.212
7.27
8.853
9.906
7.716
11.402
10.217
10.345
7.26
8.008
7.626
10.323
33.897
9.207
7.942
8.278
7.632
8.949
7.542
8.04
11.116
7.136
9.659
7.483
7.387
7.332
15.819
11.811
7.586
8.061
8.983
12.558
7.746
7.028
14.288
8.353
8.93
7.887
8.821
