16.26
15.314
43.598
13.096
35.874
14.341
14.715
11.667
11.188
40.913
12.443
11.245
11.547
18.061
87.356
15.494
19.715
11.674
11.2
11.513
11.772
11.253
10.463
10.535
11.382
15.093
13.047
12.923
19.6
14.665
28.261
14.343
12.621
22.47
14.164
12.448
11.994
11.524
13.151
12.256
13.743
17.603
36.704
13.165
63.67
19.992
12.108
12.401
13.699
34.772
12.348
11.366
12.851
12.702
13.079
13.416
12.03
12.245
14.604
12.487
12.31
12.118
61.211
18.307
12.923
12.486
12.89
12.528
13.106
12.293
13.011
12.978
13.196
13.156
13.319
11.473
21.377
11.829
11.716
11.333
11.791
10.751
30.913
12.116
13.386
15.02
26.753
21.541
12.354
12.412
12.025
11.906
27.393
11.306
11.331
13.903
10.969
11.631
13.018
12.401
14.538
12.97
13.666
17.476
12.102
13.704
12.692
17.844
11.392
11.334
11.874
14.673
11.326
11.11
11.16
12.484
12.885
12.587
12.431
13.089
13.695
12.546
12.864
11.497
75.246
28.153
16.8
13.976
13.024
25.572
18.557
32.976
12.761
14.776
13.393
35.282
25.436
21.364
15.501
15.124
13.573
10.954
12.071
13.8
13.461
17.601
13.648
16.645
12.806
12.824
12.436
12.016
12.366
11.53
12.725
17.138
14.226
10.775
11.755
12.757
13.928
12.771
14.06
12.634
17.72
14.679
13.208
13.081
11.789
22.862
13.354
11.51
12.874
12.81
10.662
12.696
12.747
23.746
21.907
22.544
15.452
12.082
13.802
14.425
11.656
13.32
12.227
11.797
23.091
10.574
10.629
13.028
10.718
20.764
19.848
13.322
12.903
12.5
29.459
13.654
11.434
12.357
12.011
13.542
10.943
10.959
10.7
11.472
13.616
11.515
12.704
13.349
17.004
11.789
13.22
12.768
13.881
11.66
12.018
12.336
11.49
14.904
19.293
14.771
12.033
11.233
11.255
13.878
11.588
12.95
13.135
12.275
21.032
12.368
12.299
13.457
12.359
11.931
16.287
11.945
11.329
11.037
11.833
11.638
12.815
11.294
14.994
12.42
14.716
12.126
12.024
22.954
12.539
12.558
12.212
11.861
13.338
14.663
31.276
11.585
10.88
10.877
10.724
11.21
13.161
13.417
13.143
12.442
11.993
12.286
13.165
13.048
12.971
11.8
13.353
11.909
11.713
12.127
11.101
12.145
11.71
11.213
13.389
12.098
13.125
11.809
14.602
12.4
13.212
16.913
55.947
12.049
10.938
14.459
11.151
10.981
13.117
11.263
10.837
13.029
12.799
25.212
12.89
12.19
12.313
11.848
12.487
12.514
11.965
12.132
10.84
11.165
11.24
11.118
10.578
15.414
10.839
11.525
13.1
12.692
12.804
12.86
11.947
11.789
12.501
12.449
12.229
11.729
13.267
11.444
10.708
11.806
11.052
10.98
11.374
10.859
11.33
10.718
12.134
12.419
12.869
12.381
12.537
12.772
15.263
12.114
12.262
12.042
12.4
12.281
10.668
10.921
10.833
10.935
10.948
10.792
11.038
11.695
11.857
12.767
12.542
13.355
12.868
12.748
13.36
11.936
10.917
11.642
16.151
11.897
11.257
11.228
11.374
10.921
10.998
10.957
11.729
10.942
12.742
12.802
12.832
12.504
12.887
14.052
12.952
10.733
24.942
12.595
13.358
10.903
11.504
11.605
11.395
11.251
12.097
11.715
11.837
13.285
13.567
11.953
12.202
12.245
14.822
11.873
13.265
13.391
11.471
11.724
11.655
11.265
10.988
10.897
11.353
12.241
11.556
13.103
13.148
12.377
12.567
12.978
12.773
12.181
12.309
13.063
13.591
12.989
12.446
12.446
11.018
11.542
11.204
10.928
10.373
13.227
12.173
11.92
12.42
12.372
12.065
12.123
12.621
13.197
12.27
10.068
10.889
10.537
11.18
11.365
12.399
11.569
10.98
10.865
10.668
10.233
11.171
10.463
11.653
13.097
12.867
12.428
12.505
13.506
13.155
11.996
12.398
10.589
10.6
11.524
12.007
11.036
10.933
10.652
11.033
11.544
10.389
10.679
10.644
12.106
12.71
12.331
11.768
11.54
12.565
13.428
12.89
11.84
12.832
12.043
12.0
11.805
11.331
11.047
10.918
10.92
11.209
10.869
10.793
11.443
12.871
12.699
12.182
12.687
12.843
12.773
11.948
12.417
11.716
11.792
11.647
11.134
10.909
11.345
10.887
10.354
10.139
13.155
10.552
10.626
11.256
12.249
13.14
12.078
12.097
12.036
12.396
12.609
12.307
12.466
10.559
12.569
11.536
10.671
10.912
11.071
11.425
10.719
10.842
11.383
11.431
12.795
12.859
13.023
