166.2
140.512
276.459
209.608
364.357
15.799
72.675
56.165
159.873
180.795
277.391
25.087
194.559
14.102
62.43
120.181
172.388
322.385
188.679
101.81
294.087
84.428
185.335
19.666
46.203
247.812
235.633
69.629
12.585
257.553
13.284
13.832
19.129
93.291
88.629
14.462
82.33
200.682
204.172
41.008
117.751
17.508
192.491
15.191
267.063
97.697
12.855
152.721
46.347
81.176
13.696
13.028
68.244
345.081
34.942
15.956
14.438
266.611
14.101
72.955
117.757
16.376
131.05
24.733
24.574
47.125
25.513
14.866
98.04
166.102
14.536
14.577
143.066
28.223
132.649
32.455
18.963
17.768
74.625
107.448
13.315
20.154
13.367
127.049
149.22
43.377
209.426
36.905
13.242
169.54
40.208
14.521
16.431
13.263
20.803
130.795
19.624
121.361
13.96
42.24
12.993
236.383
13.783
13.678
12.613
13.701
20.512
252.751
16.04
12.951
122.644
313.909
20.006
84.768
