15.995
16.053
47.774
11.559
37.145
14.287
14.748
11.082
13.41
12.28
45.793
14.039
11.305
10.869
18.581
92.776
14.649
20.328
13.248
12.754
13.671
13.823
12.895
11.749
11.935
12.381
16.002
15.473
16.669
20.2
12.978
27.986
11.846
13.508
12.65
23.426
14.746
13.387
13.895
12.356
12.554
12.571
14.193
18.036
42.226
12.116
76.409
21.164
12.923
12.867
13.396
13.881
44.647
12.928
11.254
11.517
11.948
12.009
12.963
14.235
12.455
12.647
14.332
14.116
13.132
12.673
71.406
19.793
15.83
15.781
13.252
13.588
14.349
13.481
13.812
13.161
12.12
13.075
13.038
14.051
13.007
21.108
12.55
12.747
16.773
12.267
13.303
11.841
11.256
37.697
12.312
52.941
12.215
12.41
15.475
26.886
22.513
11.059
11.747
12.753
12.061
12.335
30.074
12.437
12.506
12.162
14.325
11.397
11.924
13.551
12.98
12.866
15.311
12.2
12.343
13.854
17.524
11.88
13.99
12.81
19.363
13.609
12.022
12.082
12.567
15.449
13.052
13.392
12.226
13.889
12.96
12.283
12.889
14.463
13.033
12.822
13.1
16.44
13.144
12.586
12.314
12.283
13.505
11.843
87.308
28.854
17.3
14.649
14.692
29.337
19.501
25.577
40.169
12.321
15.421
12.77
39.012
26.116
23.492
16.434
16.46
15.469
12.409
14.508
10.702
12.605
34.882
11.296
17.16
12.169
16.011
10.561
11.067
12.803
12.861
12.065
12.895
14.133
18.637
15.679
13.044
12.582
13.202
12.423
11.628
15.395
11.043
31.895
12.939
12.294
19.428
15.634
13.894
12.805
12.762
23.649
14.452
12.639
13.719
12.135
13.45
13.535
11.563
13.343
13.261
25.097
23.982
23.915
15.786
12.975
14.803
14.505
12.751
14.27
11.389
12.051
12.058
24.925
11.312
11.121
14.185
12.882
22.53
19.86
13.629
12.56
12.961
33.024
14.247
11.86
12.054
10.897
13.971
10.784
11.144
10.576
11.69
13.616
13.33
12.645
14.68
18.276
12.936
14.354
12.574
14.031
12.23
12.407
12.565
10.91
14.61
10.461
20.052
14.801
12.131
13.458
13.083
14.12
12.812
12.767
14.004
14.023
12.91
22.08
11.434
11.479
13.056
10.839
11.018
15.691
10.863
11.114
11.1
12.494
13.278
13.353
13.714
13.395
16.714
13.217
15.365
13.346
11.446
25.429
10.891
11.689
11.093
10.978
10.631
10.934
12.55
16.018
36.99
13.314
13.072
12.99
13.007
12.644
11.717
11.431
12.099
12.091
12.34
11.552
12.256
11.161
11.241
12.379
13.707
13.044
14.562
12.469
12.918
13.52
12.851
13.721
12.85
12.272
14.47
11.565
11.648
11.074
13.883
10.697
11.342
10.87
16.755
65.206
12.674
12.907
15.154
12.462
12.028
14.12
11.762
10.766
11.672
11.335
26.052
11.161
10.815
11.553
13.293
13.124
12.808
13.57
13.032
14.302
18.927
22.227
21.117
20.219
21.945
21.618
24.065
19.391
17.741
17.521
18.549
21.122
23.69
20.547
21.488
18.384
16.482
11.363
12.013
11.636
14.394
13.387
13.436
12.73
12.661
12.966
11.778
11.565
12.727
11.672
12.557
12.01
11.3
11.539
10.97
11.212
11.574
11.588
11.945
11.326
11.569
13.141
13.438
12.622
12.372
12.742
12.746
13.118
12.033
11.819
11.233
12.073
11.533
12.384
11.881
12.291
12.228
13.864
12.263
12.799
13.624
13.588
13.217
14.082
12.613
13.282
16.449
12.66
12.592
12.359
11.431
11.44
11.366
11.356
11.626
16.565
12.246
11.596
13.253
13.178
13.522
12.787
12.979
12.757
15.345
12.362
11.996
26.922
12.892
15.003
11.808
11.464
11.589
12.329
11.069
13.122
13.941
14.473
15.408
14.7
17.08
13.638
13.132
12.598
12.088
15.948
11.65
13.537
12.198
11.087
11.873
11.933
11.966
11.46
12.223
12.496
13.339
13.559
13.366
12.624
15.023
13.603
11.226
11.853
12.3
11.811
17.312
18.099
143.379
13.455
12.703
12.464
12.935
12.743
13.737
11.746
11.008
13.408
13.929
13.8
13.696
15.258
15.06
14.336
13.421
13.315
13.253
12.568
13.425
11.982
12.523
12.626
11.216
11.34
11.288
11.706
12.354
14.707
14.012
13.596
12.375
13.439
12.868
12.542
14.012
12.999
11.805
13.499
11.715
12.075
12.371
11.788
11.664
11.384
11.603
11.488
11.383
11.145
12.231
13.037
13.001
12.447
13.092
13.47
12.027
12.601
12.168
12.777
12.041
14.05
11.02
11.885
11.313
11.101
11.871
10.955
10.851
11.623
12.229
13.076
13.126
13.513
13.483
12.699
12.394
13.223
12.643
11.826
12.425
11.66
11.298
11.312
11.913
12.084
10.735
11.475
10.773
11.107
12.792
13.174
12.718
13.246
12.951
12.515
12.14
11.898
12.554
14.541
12.229
11.67
12.241
11.27
12.119
11.369
11.149
11.592
11.233
11.052
12.084
12.718
13.679
13.273
12.67
13.558
12.807
12.642
12.15
12.258
13.266
11.237
11.712
11.619
12.296
11.582
11.691
11.938
11.054
12.353
