368.127
309.578
289.885
475.495
36.49
117.758
428.382
117.44
425.234
660.203
515.077
173.918
208.319
636.621
108.662
295.917
35.156
266.012
457.131
35.434
176.772
387.789
415.858
43.665
472.615
28.842
27.301
109.106
146.338
133.319
145.739
419.431
67.165
513.026
90.281
53.134
484.591
501.716
30.709
372.409
28.628
33.487
166.97
313.047
107.855
27.997
224.456
27.65
58.217
442.672
237.615
47.853
422.098
23.99
29.328
95.591
92.13
310.488
27.23
91.573
26.502
31.94
192.819
37.623
590.772
48.567
134.684
25.591
24.544
28.261
25.18
24.61
23.812
24.222
23.944
25.026
74.371
23.167
25.263
26.35
24.454
24.899
24.609
23.117
25.688
23.405
