21.073
69.73
23.125
19.64
20.055
64.297
25.22
30.585
19.209
26.852
25.384
19.251
26.382
20.17
23.678
24.291
21.55
23.301
22.834
23.12
49.549
20.151
20.866
20.104
19.71
21.98
20.13
29.903
31.812
23.333
61.39
42.259
21.913
32.303
22.239
23.685
22.251
20.794
26.461
29.513
19.134
18.992
24.651
35.711
18.552
19.147
19.839
18.372
18.463
18.892
18.393
38.61
21.442
24.349
24.049
21.898
24.716
27.093
21.229
45.101
22.042
20.663
22.876
21.872
23.6
24.377
24.618
30.421
21.596
21.683
26.531
25.925
21.171
22.115
21.057
23.295
39.219
40.166
21.889
20.048
22.021
30.343
21.502
24.776
20.601
61.147
20.61
33.737
23.649
23.46
19.039
32.136
18.762
18.45
18.562
19.388
18.562
18.648
18.513
21.251
21.775
20.374
20.983
20.332
21.425
21.28
20.467
20.076
20.324
21.698
20.392
21.651
20.255
33.852
29.751
20.197
19.434
19.862
20.634
21.072
21.429
24.077
22.508
20.205
20.501
31.92
20.023
21.093
20.665
21.4
20.901
20.783
20.312
20.17
20.074
20.786
20.194
20.02
20.176
134.258
20.398
20.38
21.986
20.425
23.268
19.254
19.595
19.538
19.5
20.168
19.009
19.069
19.605
19.473
19.184
19.608
18.978
19.439
19.664
19.104
19.511
19.08
19.013
19.083
19.17
19.414
19.2
19.252
19.905
20.129
19.228
19.042
20.683
19.057
19.388
19.371
20.053
19.046
18.97
21.416
21.176
19.002
19.221
19.105
19.524
20.775
35.553
23.988
19.002
20.025
19.286
19.089
19.291
19.938
20.844
19.438
38.722
29.302
19.316
19.084
19.145
19.97
19.452
20.009
21.022
27.618
28.634
19.096
20.636
19.407
19.309
19.453
19.772
19.737
28.825
19.407
19.999
19.332
18.982
20.258
19.201
19.51
19.755
19.164
19.212
19.453
19.3
19.391
19.197
19.345
19.103
19.136
19.098
19.234
19.279
18.975
19.319
19.014
19.045
19.044
19.159
19.998
19.408
18.956
19.096
19.102
19.812
19.129
19.04
19.089
19.477
20.666
19.266
19.226
19.247
20.696
21.209
18.963
18.895
26.132
18.949
21.958
19.238
19.123
21.051
22.083
19.139
19.235
19.103
19.435
19.131
19.03
20.876
19.378
19.368
19.22
19.183
19.009
19.32
19.003
20.116
20.089
19.87
18.509
18.338
19.146
18.29
19.727
19.622
18.361
19.763
18.363
18.385
18.554
18.368
19.823
20.889
19.291
19.398
20.839
20.713
21.142
20.762
20.391
20.264
20.107
20.065
20.787
20.404
20.069
20.318
20.42
19.292
19.342
19.39
19.303
19.327
19.398
19.33
19.339
