20.173
69.826
23.513
19.852
19.881
69.986
25.629
30.694
19.224
27.773
24.799
18.677
27.115
19.641
20.523
21.647
20.536
21.998
20.464
20.886
48.734
19.482
20.251
19.303
19.142
21.466
19.259
29.17
31.929
22.885
50.009
38.362
19.123
28.291
19.754
21.072
19.504
19.126
23.133
29.084
19.792
19.569
25.91
36.12
19.639
19.914
20.743
19.045
19.194
19.546
19.041
36.981
20.849
21.425
22.326
20.343
22.933
25.739
19.885
44.124
20.73
19.374
21.758
20.604
22.194
22.779
23.189
27.591
19.715
20.057
24.712
24.524
19.874
21.012
19.845
22.131
38.074
39.709
21.072
19.101
21.057
29.277
20.482
23.837
19.569
67.798
19.249
32.585
24.125
23.669
18.751
32.719
18.992
19.166
19.255
20.208
19.286
19.377
19.312
22.179
22.497
20.565
19.489
19.565
20.422
19.301
19.424
19.264
19.354
20.703
19.457
20.724
19.384
32.853
28.703
19.739
19.028
19.077
19.729
20.12
20.634
23.254
21.529
19.22
19.536
31.09
19.092
20.072
19.54
20.333
20.04
19.821
19.421
19.194
19.104
19.774
19.183
19.082
19.137
138.982
18.981
19.584
21.129
19.326
22.904
19.199
19.52
19.291
19.338
20.202
18.953
19.042
19.6
19.436
19.228
19.74
19.158
19.58
19.641
19.12
19.565
19.096
19.017
19.11
19.158
19.447
19.352
19.433
19.836
20.244
19.22
18.983
20.854
19.084
19.331
19.311
19.999
19.031
19.093
21.525
21.262
19.039
19.21
19.113
19.397
20.927
36.584
24.566
19.076
22.13
18.721
18.396
18.606
19.268
20.134
18.839
39.765
29.249
18.667
18.54
18.486
19.331
19.013
20.118
21.131
28.08
28.078
18.621
20.709
19.315
19.209
19.504
19.819
19.56
29.767
19.381
20.073
19.353
19.125
20.366
19.206
19.595
19.771
21.114
18.644
18.726
18.63
18.739
19.694
21.952
24.095
20.701
19.369
19.932
19.977
19.241
20.188
20.083
19.127
18.553
18.593
19.338
18.871
19.328
21.005
19.984
18.903
18.503
18.38
18.479
18.893
19.973
18.626
18.374
18.722
20.146
20.435
18.389
18.66
25.649
18.437
22.249
19.306
19.094
21.218
21.908
19.161
19.263
19.096
19.325
19.115
19.404
20.956
19.066
19.294
18.949
19.05
18.948
18.929
19.105
19.351
19.264
20.591
19.143
19.404
19.779
19.321
20.325
20.445
19.335
20.569
19.287
19.255
19.448
19.39
20.546
20.548
19.023
19.415
20.715
20.78
21.213
20.475
20.281
20.571
20.367
20.344
20.97
20.473
20.246
20.415
20.461
19.235
19.317
19.221
19.234
19.374
19.187
19.323
21.438
