33.152
195.391
59.517
32.457
29.885
245.902
67.206
89.884
16.332
92.008
77.947
18.176
82.514
29.26
43.578
59.376
37.567
46.334
36.491
42.018
220.112
27.321
33.064
18.858
15.41
48.399
23.151
83.568
95.944
47.622
170.236
150.276
15.56
123.422
29.964
40.985
33.144
16.974
53.464
59.087
36.966
41.829
66.162
118.817
23.767
28.938
40.922
13.844
16.654
31.413
15.22
160.083
56.055
57.301
39.851
38.503
49.802
65.84
37.879
130.956
36.865
27.134
44.769
42.779
56.595
49.647
57.92
77.282
28.903
34.97
56.936
81.853
43.003
41.636
25.295
48.519
125.241
119.051
39.437
16.821
45.935
99.288
41.569
48.026
28.444
198.159
21.196
109.385
80.128
53.837
21.54
101.539
20.956
14.497
17.261
31.714
18.249
18.572
18.805
44.379
54.706
39.601
21.683
23.577
37.393
17.339
29.254
17.065
16.615
42.11
23.672
36.83
22.819
92.662
79.254
30.452
16.432
15.132
23.497
30.194
33.655
74.947
44.663
16.358
23.921
85.567
16.403
28.549
31.201
31.26
34.873
36.125
22.65
17.877
15.299
27.45
15.332
13.408
15.419
324.018
16.193
27.008
59.639
18.685
78.593
18.727
23.957
27.073
23.428
38.599
13.268
14.982
41.225
20.22
17.426
44.529
16.806
25.609
37.286
18.645
20.431
16.205
13.666
16.618
18.548
21.036
13.498
26.176
23.338
30.039
19.356
13.266
35.186
14.916
22.087
25.64
29.03
15.009
14.973
41.33
68.396
14.446
16.403
13.646
22.017
35.552
99.477
46.362
16.396
30.199
18.605
14.408
21.099
23.682
40.232
27.252
90.535
99.887
19.437
13.774
16.951
28.885
28.806
29.587
36.726
102.328
86.534
16.798
32.22
12.677
16.965
27.999
23.764
27.449
67.465
13.05
38.154
22.022
13.34
36.311
18.154
25.874
28.926
15.267
22.456
24.857
17.543
23.852
16.227
27.767
17.543
14.661
18.218
23.608
23.865
13.229
24.058
15.443
16.926
17.733
18.711
25.261
26.729
12.993
14.159
16.447
33.371
15.169
14.28
15.859
32.651
38.402
21.39
12.814
21.417
34.663
38.277
13.466
14.907
69.89
14.389
59.178
20.011
14.846
45.342
34.334
18.103
13.008
14.24
12.769
16.207
14.164
34.41
14.548
21.382
13.5
15.844
13.79
14.071
18.892
12.336
12.248
33.991
18.888
12.358
28.464
12.016
29.792
31.068
12.484
32.88
13.034
12.425
12.358
12.343
31.403
31.899
14.246
12.217
33.76
34.802
37.922
33.131
30.635
31.044
28.892
28.859
34.89
30.354
28.581
32.162
30.27
12.33
12.812
12.431
12.19
12.889
12.212
11.995
12.839
