35.982
20.426
18.23
19.664
18.057
15.178
15.67
16.806
15.765
15.27
15.602
15.786
16.641
15.715
17.702
15.357
15.94
15.084
12.246
12.78
15.719
12.574
13.794
14.339
26.018
14.044
17.634
15.005
15.66
15.338
16.144
11.971
11.845
11.943
12.033
11.852
14.347
23.002
12.542
11.669
31.615
14.163
13.165
14.059
13.584
14.011
22.471
14.108
25.818
14.546
12.894
11.152
11.741
12.518
13.995
15.505
11.165
12.112
15.685
14.582
13.941
12.97
13.934
13.937
17.068
14.185
11.327
14.326
11.599
12.323
23.591
11.119
11.639
11.402
11.17
15.512
13.575
13.749
16.423
13.475
12.654
14.727
13.653
13.107
13.273
12.094
11.3
21.197
27.716
16.686
11.114
16.58
13.633
14.959
13.85
13.105
15.968
14.437
19.744
13.033
14.758
12.133
11.738
16.106
14.004
21.394
11.766
13.339
14.037
22.853
13.496
14.803
14.244
13.056
16.497
24.937
12.44
13.914
14.962
13.242
13.605
10.85
12.687
14.216
14.574
13.118
42.127
24.686
12.778
14.17
11.745
11.966
12.349
11.876
14.097
11.914
11.775
11.371
12.003
13.83
17.075
13.21
13.617
13.631
12.441
13.772
12.661
13.034
25.527
11.674
13.619
11.711
12.072
13.862
11.542
12.085
11.919
14.274
12.693
12.858
12.527
12.003
12.297
11.606
13.029
11.684
14.475
12.63
11.791
11.329
12.324
11.708
11.675
11.474
11.838
11.303
11.334
16.276
15.457
13.385
12.196
12.892
11.881
11.144
11.371
13.541
11.811
11.508
12.91
12.713
13.308
12.071
11.855
18.289
57.486
13.921
13.281
11.264
11.298
11.17
11.142
11.055
11.164
12.132
12.981
14.728
12.684
10.705
10.887
10.623
12.378
13.899
15.5
13.931
13.307
14.55
13.062
14.041
13.165
12.791
12.635
11.814
11.166
11.315
12.18
11.316
11.396
11.533
11.794
11.462
13.401
16.818
13.865
13.855
14.608
16.086
13.236
12.985
11.455
13.319
17.775
11.278
12.575
11.686
11.965
10.994
12.058
11.673
47.802
13.893
14.954
11.684
10.822
11.747
10.854
10.816
11.457
10.97
10.809
22.768
12.413
12.374
11.83
12.223
13.927
12.768
13.826
13.582
14.169
13.639
11.733
13.104
11.109
13.063
11.818
10.934
11.814
14.311
12.387
11.623
19.534
10.774
12.433
13.832
13.936
15.519
14.866
13.788
15.54
13.221
12.435
13.179
13.624
10.753
12.053
11.043
11.473
17.04
11.258
11.587
10.941
11.912
14.019
13.133
13.362
12.865
13.915
13.13
13.021
13.327
11.515
12.514
13.007
11.427
11.262
13.119
11.131
11.881
10.979
11.954
12.964
13.382
15.124
13.895
13.99
13.483
13.41
13.355
12.77
12.858
12.356
10.922
11.051
11.036
10.992
11.236
10.978
10.932
10.763
11.078
13.537
14.221
13.504
13.313
13.019
13.674
12.875
12.878
12.324
11.693
11.799
11.317
10.911
11.168
11.883
11.693
10.837
10.753
11.092
10.943
14.1
13.575
13.712
13.312
14.104
13.074
12.006
13.384
12.719
12.638
11.189
10.88
10.879
11.117
11.016
12.308
11.142
10.56
12.507
13.387
14.108
13.104
13.216
13.469
13.493
