95.979
10.855
16.531
47.889
31.734
15.756
17.581
18.08
9.613
10.164
14.352
14.7
11.48
10.896
29.434
13.688
13.607
17.524
8.792
13.431
26.589
18.378
23.882
21.568
78.483
17.899
34.395
17.373
29.45
22.432
33.052
16.712
13.761
21.306
17.908
9.828
40.096
58.898
19.37
11.294
64.243
12.484
10.216
14.972
14.44
14.649
61.234
18.36
50.781
29.59
24.848
14.102
14.236
12.533
23.985
37.397
13.52
12.217
26.916
20.853
13.589
9.314
13.141
16.344
31.34
17.084
12.732
24.082
11.761
16.127
42.438
12.061
19.108
13.373
14.313
20.884
12.739
12.032
33.307
9.251
9.835
26.697
19.274
10.183
26.578
17.796
16.97
70.043
75.728
44.881
14.947
36.029
16.748
24.241
20.865
30.046
37.027
21.76
60.426
18.569
31.042
29.518
21.688
55.702
29.436
54.358
21.251
21.982
16.883
46.603
26.756
22.264
20.117
16.402
39.465
54.65
15.596
37.953
32.89
25.831
40.203
11.303
31.465
22.122
17.346
15.913
92.557
83.403
13.201
25.076
13.15
9.633
18.465
18.272
33.679
13.284
13.863
10.521
14.719
15.478
43.578
14.767
14.189
10.656
14.644
19.874
21.962
14.092
72.553
11.32
31.805
16.875
21.622
27.815
18.001
11.675
14.698
29.159
21.568
15.235
19.024
19.629
10.726
11.731
26.72
10.34
32.0
29.582
13.335
9.373
24.008
18.778
13.674
17.112
18.22
13.565
13.268
34.835
29.671
21.959
22.32
15.538
16.715
11.93
12.071
33.624
16.324
15.107
34.987
32.9
33.78
25.048
10.624
46.483
198.541
21.637
12.209
13.69
21.827
13.55
12.168
17.551
17.531
23.506
30.867
41.974
37.625
9.966
16.111
10.82
14.027
19.853
35.418
14.732
15.855
30.289
10.074
24.815
9.877
10.909
23.276
17.659
11.544
19.93
21.902
11.637
12.624
24.467
30.257
13.42
15.603
43.273
25.491
20.266
27.968
40.167
11.783
11.749
19.689
28.292
53.499
16.526
24.578
19.66
26.155
13.329
26.061
12.579
164.489
15.872
31.023
12.48
11.708
25.246
11.508
12.908
19.464
11.883
11.576
85.388
18.523
18.458
15.251
11.214
14.069
11.748
11.47
8.259
15.184
11.675
17.463
21.181
11.686
22.256
8.399
7.717
18.061
23.603
17.034
10.421
30.113
9.555
8.169
10.619
11.451
21.026
19.73
14.185
20.522
12.301
10.415
24.394
27.608
7.825
15.676
9.015
11.425
28.095
13.001
17.23
9.092
9.626
13.95
7.708
7.639
10.155
11.623
10.634
11.669
10.945
11.616
7.499
21.33
17.245
8.454
18.78
14.133
15.128
9.56
9.241
8.64
9.447
23.561
14.505
13.26
12.328
10.076
19.045
14.951
11.097
16.397
9.394
10.572
10.63
9.476
9.341
9.361
11.973
8.611
9.912
8.926
14.819
12.293
8.766
7.704
12.1
9.262
7.976
10.175
10.411
7.481
13.702
10.183
10.499
7.953
8.165
8.701
9.496
14.579
10.089
24.046
11.3
11.824
10.856
19.194
15.191
11.489
14.277
10.147
8.496
11.014
7.471
8.28
14.123
7.66
12.775
7.791
7.469
7.519
7.659
7.822
7.447
8.445
7.69
7.876
