253.174
30.56
185.629
81.93
13.641
39.533
14.465
206.039
156.813
244.349
61.492
16.016
237.715
77.333
15.769
24.508
24.872
20.173
55.473
243.333
227.449
262.199
237.917
205.585
353.092
254.376
93.796
32.798
15.049
261.06
15.798
15.391
274.026
274.261
179.453
13.55
14.485
15.383
105.181
209.658
117.575
112.318
248.108
253.041
255.846
136.323
130.937
134.138
202.349
14.672
256.827
27.926
14.03
205.693
154.248
13.328
26.991
128.56
142.025
194.039
15.014
12.713
25.614
13.261
14.037
12.593
13.228
12.568
12.692
13.439
33.295
12.568
12.928
