11.406
21.092
16.978
14.969
17.288
27.927
18.773
20.009
17.144
17.833
17.558
17.261
17.398
15.314
15.317
17.757
17.669
17.952
17.521
17.693
23.829
17.55
17.775
15.651
17.42
16.981
15.169
19.481
20.215
15.894
21.816
21.693
16.601
19.397
17.62
15.984
14.788
17.283
18.032
18.208
15.95
17.464
17.235
21.658
15.828
16.413
15.923
16.16
15.874
15.847
16.948
19.721
18.088
17.692
18.294
17.919
18.366
19.005
16.234
20.485
16.892
14.333
15.617
17.826
16.384
16.295
18.398
19.363
15.699
17.488
18.665
17.815
16.358
15.94
16.72
18.219
21.872
20.864
17.933
15.614
17.31
19.594
17.835
18.499
17.55
23.871
17.661
20.463
18.919
17.198
16.49
18.548
15.809
15.772
15.019
17.486
15.195
16.033
17.291
15.757
15.792
17.502
15.975
17.472
15.861
16.61
17.506
17.474
17.372
15.113
15.333
16.036
17.209
16.831
17.518
15.571
16.001
17.395
17.755
17.793
17.923
18.623
16.328
17.505
15.814
19.995
15.847
16.397
16.536
15.476
17.331
15.772
17.482
17.055
16.211
14.899
16.295
16.702
15.553
35.199
16.004
15.372
16.292
17.211
16.76
17.104
16.159
17.593
16.087
17.408
16.022
17.314
15.657
17.535
17.457
15.981
15.423
15.832
17.616
16.165
16.525
17.992
17.17
16.368
15.604
17.619
15.534
15.249
17.667
15.749
17.206
17.305
17.753
17.093
15.752
17.373
17.732
17.47
15.528
17.778
14.651
16.742
16.23
17.408
17.651
17.579
19.789
17.019
16.486
16.121
15.886
16.91
16.997
17.782
17.616
17.651
22.767
18.652
15.939
17.505
17.426
17.759
15.622
17.033
18.107
17.377
19.711
15.815
15.736
17.39
17.521
17.327
16.027
13.897
18.416
15.616
15.793
14.81
16.618
16.015
17.457
15.744
15.688
15.741
15.429
14.541
16.241
15.235
16.292
15.477
15.96
15.648
15.763
17.372
15.829
15.396
17.57
17.341
15.653
17.441
17.58
15.973
15.988
15.247
15.563
16.085
15.817
15.593
17.225
16.823
14.977
17.912
15.418
15.408
15.939
17.853
17.871
14.818
16.338
17.502
15.635
16.655
15.834
16.746
15.904
15.549
14.589
15.175
14.768
13.987
16.929
17.468
17.93
17.151
17.671
17.523
18.148
17.485
17.528
17.702
17.279
16.671
15.109
15.945
17.347
17.008
14.684
16.756
18.049
16.627
15.113
14.809
16.264
15.564
17.176
15.386
14.881
17.43
14.845
14.942
17.812
16.395
15.763
16.263
16.079
15.641
15.235
14.66
15.894
15.429
14.894
16.137
15.712
15.644
15.377
15.862
15.49
14.653
15.606
15.537
