21.775
130.451
37.998
21.219
20.139
162.535
42.688
56.442
10.941
59.952
49.338
12.076
54.394
18.496
29.011
38.592
25.127
29.291
24.016
26.754
143.569
17.507
21.399
12.289
10.315
31.591
14.985
54.6
62.085
30.826
112.078
98.267
10.102
79.603
19.635
26.781
20.679
10.783
34.506
39.731
24.241
27.944
41.788
75.869
16.712
18.344
27.082
9.312
10.795
20.298
10.377
104.609
35.939
37.555
26.082
25.027
33.052
42.404
23.767
91.574
24.425
17.068
28.77
27.356
37.041
30.524
36.791
49.378
18.521
23.1
37.192
52.339
27.483
27.051
16.193
31.682
80.95
76.873
25.532
11.373
28.844
64.862
26.642
30.912
17.969
128.894
13.608
69.598
51.357
34.179
13.396
65.439
12.899
9.516
11.555
20.222
10.829
11.92
12.011
28.142
35.238
26.511
13.178
15.004
24.974
10.65
17.56
11.328
10.523
26.659
15.085
23.962
14.814
58.816
51.604
17.95
10.653
9.442
15.021
18.531
21.132
50.364
29.146
10.011
14.718
55.309
10.385
18.688
19.84
20.049
22.653
23.056
14.595
10.692
9.85
18.184
9.921
9.171
10.23
211.257
10.475
17.578
39.18
12.004
52.312
12.019
15.878
17.442
14.633
25.266
8.932
9.802
25.562
13.596
11.242
28.721
11.117
16.684
24.101
11.938
13.0
10.255
9.233
11.24
11.693
13.034
9.038
16.313
14.595
19.411
12.081
8.833
22.903
9.939
14.718
17.131
18.835
9.033
8.806
26.379
43.221
8.828
10.191
8.723
13.688
22.144
62.784
28.641
9.997
19.44
11.342
8.746
12.665
14.893
24.244
16.826
56.001
62.507
11.741
8.761
10.151
17.16
17.537
18.978
22.843
64.502
54.121
10.242
20.672
7.559
10.139
17.872
14.407
16.338
42.849
8.083
23.692
13.415
8.31
22.601
11.347
14.491
17.812
9.759
13.781
14.605
10.943
15.168
9.67
17.253
10.628
8.879
10.861
14.616
14.828
7.904
14.589
9.845
10.471
10.44
11.602
15.661
16.388
8.645
8.665
9.496
21.008
9.687
8.217
9.742
20.856
23.494
13.01
8.64
13.16
21.722
23.989
8.715
8.698
44.505
9.596
36.738
11.892
9.651
28.256
21.249
11.29
8.122
8.667
8.494
10.264
8.243
21.849
9.589
12.637
8.725
10.463
8.597
8.861
11.414
7.979
7.881
21.536
11.249
7.917
18.28
8.293
17.866
19.556
8.714
20.118
7.874
8.394
7.968
7.915
20.137
19.628
8.471
8.138
21.448
21.428
23.662
20.556
18.81
19.052
18.082
17.246
22.014
18.868
17.672
19.26
18.868
8.572
7.978
7.824
8.392
7.953
7.93
8.279
8.218
